time;temperature;pressure;kinetic_energy;potential_energy;total_energy;virial;msd;diffusion;volume
3790.005;9.804954e-05;-0.84575844;0.20132154;-9939.086;-9938.885;-4664.589;0.0;0.0;1838.2656
3790.01;0.00010008171;-0.84570885;0.20558003;-9939.053;-9938.847;-4664.3237;0.0;0.0;1838.2656
3790.015;9.8120385e-05;-0.8456996;0.20160735;-9939.053;-9938.852;-4664.2646;0.0;0.0;1838.2656
3790.02;0.00010015073;-0.845657;0.20584036;-9939.039;-9938.833;-4664.038;0.0;0.0;1838.2656
3790.025;9.817645e-05;-0.84568524;0.20183414;-9939.059;-9938.856;-4664.186;0.0;0.0;1838.2656
3790.03;0.00010020468;-0.8456348;0.20606428;-9939.064;-9938.858;-4663.9165;0.0;0.0;1838.2656
3790.035;9.8228935e-05;-0.8456413;0.20202693;-9939.039;-9938.837;-4663.9443;0.0;0.0;1838.2656
3790.04;0.00010024286;-0.84563357;0.20618981;-9939.038;-9938.832;-4663.9097;0.0;0.0;1838.2656
3790.045;9.824861e-05;-0.8456315;0.20211315;-9939.028;-9938.826;-4663.89;0.0;0.0;1838.2656
3790.05;0.000100262485;-0.8455932;0.20627347;-9939.007;-9938.801;-4663.6875;0.0;0.0;1838.2656
3790.055;9.826627e-05;-0.8455573;0.20215057;-9939.008;-9938.806;-4663.481;0.0;0.0;1838.2656
3790.06;0.000100259094;-0.84557176;0.2062492;-9939.015;-9938.809;-4663.569;0.0;0.0;1838.2656
3790.065;9.82548e-05;-0.8455533;0.20209932;-9939.015;-9938.8125;-4663.4585;0.0;0.0;1838.2656
3790.07;0.00010024365;-0.84553224;0.20614044;-9938.994;-9938.788;-4663.351;0.0;0.0;1838.2656
3790.075;9.821625e-05;-0.8454991;0.20195305;-9939.012;-9938.81;-4663.1597;0.0;0.0;1838.2656
3790.08;0.00010020914;-0.845516;0.20602095;-9938.996;-9938.79;-4663.261;0.0;0.0;1838.2656
3790.085;9.819161e-05;-0.8454932;0.20183474;-9938.996;-9938.794;-4663.127;0.0;0.0;1838.2656
3790.09;0.00010017605;-0.84545815;0.20589015;-9938.9795;-9938.773;-4662.942;0.0;0.0;1838.2656
3790.095;9.81623e-05;-0.8454439;0.20170501;-9939.0;-9938.798;-4662.855;0.0;0.0;1838.2656
3790.1;0.000100142606;-0.8454159;0.2057502;-9938.965;-9938.759;-4662.7085;0.0;0.0;1838.2656
3790.105;9.8129145e-05;-0.8453793;0.20159772;-9938.946;-9938.745;-4662.498;0.0;0.0;1838.2656
3790.11;0.00010012536;-0.8453747;0.20569;-9938.968;-9938.762;-4662.481;0.0;0.0;1838.2656
3790.115;9.811857e-05;-0.84534156;0.2015644;-9938.96;-9938.759;-4662.29;0.0;0.0;1838.2656
3790.12;0.000100120975;-0.84533083;0.2056935;-9938.932;-9938.726;-4662.2393;0.0;0.0;1838.2656
3790.125;9.812613e-05;-0.84531677;0.20159128;-9938.973;-9938.771;-4662.1533;0.0;0.0;1838.2656
3790.13;0.00010012862;-0.84529376;0.20573696;-9938.994;-9938.788;-4662.035;0.0;0.0;1838.2656
3790.135;9.814149e-05;-0.8453145;0.20167653;-9939.029;-9938.827;-4662.141;0.0;0.0;1838.2656
3790.14;0.00010015482;-0.84537005;0.20583004;-9939.093;-9938.887;-4662.4556;0.0;0.0;1838.2656
3790.145;9.816012e-05;-0.84533036;0.20174792;-9939.061;-9938.858;-4662.229;0.0;0.0;1838.2656
3790.15;0.00010017164;-0.84533507;0.2059016;-9939.131;-9938.925;-4662.263;0.0;0.0;1838.2656
3790.155;9.817804e-05;-0.8452828;0.20182534;-9939.072;-9938.87;-4661.9663;0.0;0.0;1838.2656
3790.16;0.000100190744;-0.84524053;0.20599365;-9939.061;-9938.8545;-4661.742;0.0;0.0;1838.2656
3790.165;9.8201606e-05;-0.84526414;0.20188084;-9939.062;-9938.859;-4661.864;0.0;0.0;1838.2656
3790.17;0.000100192454;-0.84519935;0.20599233;-9939.047;-9938.841;-4661.5146;0.0;0.0;1838.2656
3790.175;9.819832e-05;-0.8451962;0.20189466;-9939.012;-9938.81;-4661.4893;0.0;0.0;1838.2656
3790.18;0.00010020211;-0.8451902;0.20600943;-9939.027;-9938.821;-4661.4644;0.0;0.0;1838.2656
3790.185;9.819565e-05;-0.8451464;0.20187175;-9938.934;-9938.731;-4661.2144;0.0;0.0;1838.2656
3790.19;0.000100191304;-0.8451614;0.20597264;-9938.949;-9938.743;-4661.305;0.0;0.0;1838.2656
3790.195;9.818701e-05;-0.84516555;0.2018319;-9938.945;-9938.743;-4661.32;0.0;0.0;1838.2656
3790.2;0.0001001802;-0.8451306;0.20591797;-9938.897;-9938.691;-4661.1353;0.0;0.0;1838.2656
3790.205;9.81722e-05;-0.8450948;0.20176452;-9938.881;-9938.679;-4660.9297;0.0;0.0;1838.2656
3790.21;0.00010016287;-0.84507596;0.2058452;-9938.9;-9938.694;-4660.834;0.0;0.0;1838.2656
3790.215;9.81547e-05;-0.84506;0.20170793;-9938.925;-9938.723;-4660.738;0.0;0.0;1838.2656
3790.22;0.00010015426;-0.84508264;0.20582876;-9938.943;-9938.737;-4660.8706;0.0;0.0;1838.2656
3790.225;9.815752e-05;-0.8451362;0.2017259;-9938.967;-9938.765;-4661.158;0.0;0.0;1838.2656
3790.23;0.00010016135;-0.8450821;0.20587906;-9938.915;-9938.709;-4660.8677;0.0;0.0;1838.2656
3790.235;9.8174976e-05;-0.8450448;0.2018089;-9938.913;-9938.711;-4660.6543;0.0;0.0;1838.2656
3790.24;0.00010018497;-0.84505963;0.2059568;-9938.9;-9938.694;-4660.744;0.0;0.0;1838.2656
3790.245;9.819027e-05;-0.8451225;0.2018778;-9938.932;-9938.7295;-4661.0825;0.0;0.0;1838.2656
3790.25;0.00010020454;-0.8451384;0.20604543;-9938.965;-9938.759;-4661.178;0.0;0.0;1838.2656
3790.255;9.821406e-05;-0.8451246;0.2019899;-9939.019;-9938.816;-4661.0947;0.0;0.0;1838.2656
3790.26;0.00010023512;-0.84515506;0.20616895;-9939.059;-9938.853;-4661.271;0.0;0.0;1838.2656
3790.265;9.824259e-05;-0.8452147;0.20210895;-9939.096;-9938.894;-4661.592;0.0;0.0;1838.2656
3790.27;0.00010026355;-0.8451945;0.20629185;-9939.091;-9938.885;-4661.489;0.0;0.0;1838.2656
3790.275;9.827151e-05;-0.8452202;0.20219132;-9939.127;-9938.925;-4661.622;0.0;0.0;1838.2656
3790.28;0.000100273326;-0.84521466;0.20632377;-9939.1455;-9938.939;-4661.6;0.0;0.0;1838.2656
3790.285;9.827585e-05;-0.84529877;0.2022225;-9939.172;-9938.97;-4662.055;0.0;0.0;1838.2656
3790.29;0.00010028241;-0.8452584;0.20635942;-9939.129;-9938.923;-4661.8413;0.0;0.0;1838.2656
3790.295;9.828089e-05;-0.8452987;0.20223282;-9939.156;-9938.954;-4662.055;0.0;0.0;1838.2656
3790.3;0.000100279205;-0.84530014;0.206325;-9939.168;-9938.962;-4662.0713;0.0;0.0;1838.2656
3790.305;9.826554e-05;-0.8453187;0.20216067;-9939.182;-9938.9795;-4662.165;0.0;0.0;1838.2656
3790.31;0.000100257086;-0.8452928;0.20624213;-9939.16;-9938.954;-4662.031;0.0;0.0;1838.2656
3790.315;9.824505e-05;-0.8453706;0.20205858;-9939.221;-9939.019;-4662.451;0.0;0.0;1838.2656
3790.32;0.000100225385;-0.84532803;0.2061167;-9939.167;-9938.961;-4662.2246;0.0;0.0;1838.2656
3790.325;9.821467e-05;-0.84536284;0.20193677;-9939.225;-9939.022;-4662.408;0.0;0.0;1838.2656
3790.33;0.00010019592;-0.845375;0.20597163;-9939.248;-9939.042;-4662.4834;0.0;0.0;1838.2656
3790.335;9.817384e-05;-0.8454253;0.20177981;-9939.254;-9939.052;-4662.7524;0.0;0.0;1838.2656
3790.34;0.000100159814;-0.8453888;0.20583016;-9939.2295;-9939.023;-4662.559;0.0;0.0;1838.2656
3790.345;9.814086e-05;-0.84537005;0.20164108;-9939.222;-9939.0205;-4662.4478;0.0;0.0;1838.2656
3790.35;0.00010012483;-0.8454257;0.2056758;-9939.239;-9939.033;-4662.7627;0.0;0.0;1838.2656
3790.355;9.8101096e-05;-0.84540004;0.20147157;-9939.215;-9939.014;-4662.6123;0.0;0.0;1838.2656
3790.36;0.000100082005;-0.8454633;0.20552912;-9939.342;-9939.137;-4662.969;0.0;0.0;1838.2656
3790.365;9.807419e-05;-0.8454458;0.20135516;-9939.304;-9939.103;-4662.8647;0.0;0.0;1838.2656
3790.37;0.0001000523;-0.84545374;0.205383;-9939.326;-9939.121;-4662.9165;0.0;0.0;1838.2656
3790.375;9.8034325e-05;-0.84547037;0.20120555;-9939.34;-9939.139;-4663.0;0.0;0.0;1838.2656
3790.38;0.00010002006;-0.84547263;0.20526361;-9939.355;-9939.15;-4663.0205;0.0;0.0;1838.2656
3790.385;9.801055e-05;-0.84544903;0.20110276;-9939.293;-9939.092;-4662.882;0.0;0.0;1838.2656
3790.39;9.999577e-05;-0.8454789;0.20516443;-9939.355;-9939.15;-4663.0547;0.0;0.0;1838.2656
3790.395;9.7987795e-05;-0.84552205;0.20102388;-9939.381;-9939.18;-4663.2847;0.0;0.0;1838.2656
3790.4;9.998201e-05;-0.84548306;0.2051035;-9939.348;-9939.143;-4663.0776;0.0;0.0;1838.2656
3790.405;9.797399e-05;-0.84546643;0.20097078;-9939.318;-9939.117;-4662.9775;0.0;0.0;1838.2656
3790.41;9.997182e-05;-0.84544885;0.20507294;-9939.303;-9939.098;-4662.8887;0.0;0.0;1838.2656
3790.415;9.797171e-05;-0.8454494;0.20095187;-9939.275;-9939.074;-4662.884;0.0;0.0;1838.2656
3790.42;9.99674e-05;-0.84546;0.20507604;-9939.286;-9939.081;-4662.95;0.0;0.0;1838.2656
3790.425;9.798071e-05;-0.8454251;0.2010095;-9939.229;-9939.027;-4662.75;0.0;0.0;1838.2656
3790.43;9.9988865e-05;-0.8454066;0.20515907;-9939.221;-9939.016;-4662.656;0.0;0.0;1838.2656
3790.435;9.800178e-05;-0.8453671;0.20111373;-9939.22;-9939.019;-4662.43;0.0;0.0;1838.2656
3790.44;0.00010002177;-0.8454022;0.20530349;-9939.221;-9939.016;-4662.632;0.0;0.0;1838.2656
3790.445;9.8040924e-05;-0.8454342;0.20126542;-9939.29;-9939.089;-4662.8003;0.0;0.0;1838.2656
3790.45;0.00010005866;-0.8454211;0.20546386;-9939.268;-9939.0625;-4662.737;0.0;0.0;1838.2656
3790.455;9.8083496e-05;-0.84545493;0.20144936;-9939.29;-9939.089;-4662.915;0.0;0.0;1838.2656
3790.46;0.000100108075;-0.8454216;0.2056643;-9939.277;-9939.071;-4662.7397;0.0;0.0;1838.2656
3790.465;9.8132296e-05;-0.8454347;0.20165527;-9939.326;-9939.125;-4662.804;0.0;0.0;1838.2656
3790.47;0.00010015971;-0.84544724;0.2058911;-9939.305;-9939.099;-4662.882;0.0;0.0;1838.2656
3790.475;9.818946e-05;-0.8454101;0.20187455;-9939.271;-9939.069;-4662.669;0.0;0.0;1838.2656
3790.48;0.000100208636;-0.84541357;0.206087;-9939.234;-9939.028;-4662.6963;0.0;0.0;1838.2656
3790.485;9.823436e-05;-0.8453852;0.20206566;-9939.207;-9939.005;-4662.5317;0.0;0.0;1838.2656
3790.49;0.00010025546;-0.84541225;0.20624834;-9939.222;-9939.016;-4662.6895;0.0;0.0;1838.2656
3790.495;9.826337e-05;-0.84531385;0.2021789;-9939.094;-9938.892;-4662.1387;0.0;0.0;1838.2656
3790.5;0.00010027933;-0.8453549;0.20634371;-9939.123;-9938.917;-4662.3735;0.0;0.0;1838.2656
3790.505;9.828257e-05;-0.8453286;0.20223325;-9939.111;-9938.909;-4662.22;0.0;0.0;1838.2656
3790.51;0.0001002828;-0.8453458;0.20634992;-9939.13;-9938.924;-4662.323;0.0;0.0;1838.2656
3790.515;9.827978e-05;-0.84533083;0.20222476;-9939.125;-9938.923;-4662.232;0.0;0.0;1838.2656
3790.52;0.00010027883;-0.8453798;0.20632471;-9939.159;-9938.953;-4662.5107;0.0;0.0;1838.2656
3790.525;9.82679e-05;-0.8453676;0.20213106;-9939.15;-9938.948;-4662.4346;0.0;0.0;1838.2656
3790.53;0.000100242156;-0.8453774;0.20617881;-9939.147;-9938.941;-4662.4966;0.0;0.0;1838.2656
3790.535;9.8232165e-05;-0.8453897;0.2020052;-9939.162;-9938.96;-4662.5566;0.0;0.0;1838.2656
3790.54;0.000100214536;-0.8453975;0.20604691;-9939.167;-9938.961;-4662.6074;0.0;0.0;1838.2656
3790.545;9.8194636e-05;-0.8454073;0.20183805;-9939.18;-9938.978;-4662.6533;0.0;0.0;1838.2656
3790.55;0.00010016997;-0.8453931;0.20587401;-9939.158;-9938.952;-4662.583;0.0;0.0;1838.2656
3790.555;9.815486e-05;-0.84535235;0.2016795;-9939.114;-9938.912;-4662.3496;0.0;0.0;1838.2656
3790.56;0.0001001324;-0.8453767;0.20570943;-9939.116;-9938.91;-4662.492;0.0;0.0;1838.2656
3790.565;9.811431e-05;-0.8453767;0.20152436;-9939.094;-9938.893;-4662.4834;0.0;0.0;1838.2656
3790.57;0.00010009769;-0.8453902;0.20555776;-9939.084;-9938.879;-4662.5664;0.0;0.0;1838.2656
3790.575;9.807658e-05;-0.84532493;0.2013747;-9939.016;-9938.814;-4662.1978;0.0;0.0;1838.2656
3790.58;0.000100064644;-0.8453651;0.20544961;-9939.035;-9938.83;-4662.4277;0.0;0.0;1838.2656
3790.585;9.8059616e-05;-0.8453273;0.201307;-9938.994;-9938.793;-4662.211;0.0;0.0;1838.2656
3790.59;0.00010005032;-0.8453405;0.20540582;-9939.016;-9938.811;-4662.292;0.0;0.0;1838.2656
3790.595;9.805423e-05;-0.8453656;0.20129862;-9939.025;-9938.824;-4662.422;0.0;0.0;1838.2656
3790.6;0.00010005439;-0.8453788;0.20541073;-9939.057;-9938.852;-4662.5034;0.0;0.0;1838.2656
3790.605;9.805543e-05;-0.8454141;0.20130253;-9939.077;-9938.876;-4662.6895;0.0;0.0;1838.2656
3790.61;0.00010005613;-0.84541315;0.20542414;-9939.101;-9938.8955;-4662.6924;0.0;0.0;1838.2656
3790.615;9.806072e-05;-0.8454305;0.20134892;-9939.129;-9938.928;-4662.7803;0.0;0.0;1838.2656
3790.62;0.00010007475;-0.8454401;0.20550378;-9939.127;-9938.922;-4662.8413;0.0;0.0;1838.2656
3790.625;9.808162e-05;-0.84540737;0.20142204;-9939.106;-9938.905;-4662.653;0.0;0.0;1838.2656
3790.63;0.00010009059;-0.84544426;0.20558384;-9939.145;-9938.938;-4662.8647;0.0;0.0;1838.2656
3790.635;9.8105156e-05;-0.8454744;0.20149541;-9939.163;-9938.962;-4663.0225;0.0;0.0;1838.2656
3790.64;0.00010010238;-0.8454215;0.20564952;-9939.124;-9938.918;-4662.7393;0.0;0.0;1838.2656
3790.645;9.812464e-05;-0.845432;0.20156729;-9939.107;-9938.906;-4662.7886;0.0;0.0;1838.2656
3790.65;0.000100118814;-0.84538007;0.20568408;-9939.056;-9938.85;-4662.5107;0.0;0.0;1838.2656
3790.655;9.812551e-05;-0.84538996;0.20159024;-9939.031;-9938.83;-4662.557;0.0;0.0;1838.2656
3790.66;0.00010012873;-0.84540147;0.2057296;-9939.075;-9938.869;-4662.629;0.0;0.0;1838.2656
3790.665;9.813735e-05;-0.84539473;0.201641;-9939.074;-9938.873;-4662.5835;0.0;0.0;1838.2656
3790.67;0.00010014225;-0.845436;0.20579198;-9939.096;-9938.89;-4662.8193;0.0;0.0;1838.2656
3790.675;9.8153876e-05;-0.84542704;0.20171514;-9939.064;-9938.862;-4662.7617;0.0;0.0;1838.2656
3790.68;0.00010016126;-0.8453892;0.20585117;-9939.059;-9938.853;-4662.5615;0.0;0.0;1838.2656
3790.685;9.816255e-05;-0.8453558;0.20174822;-9939.024;-9938.822;-4662.369;0.0;0.0;1838.2656
3790.69;0.00010016881;-0.845343;0.20588073;-9938.994;-9938.788;-4662.3066;0.0;0.0;1838.2656
3790.695;9.817115e-05;-0.8453248;0.20177934;-9939.023;-9938.821;-4662.198;0.0;0.0;1838.2656
3790.7;0.000100175625;-0.84538025;0.20590404;-9939.045;-9938.839;-4662.512;0.0;0.0;1838.2656
3790.705;9.817492e-05;-0.8453973;0.20181146;-9939.156;-9938.954;-4662.598;0.0;0.0;1838.2656
3790.71;0.00010018733;-0.8453955;0.20595467;-9939.123;-9938.917;-4662.596;0.0;0.0;1838.2656
3790.715;9.8187455e-05;-0.84543616;0.20184395;-9939.129;-9938.927;-4662.8125;0.0;0.0;1838.2656
3790.72;0.0001001901;-0.8453516;0.20599507;-9939.049;-9938.843;-4662.354;0.0;0.0;1838.2656
3790.725;9.820418e-05;-0.8453533;0.20192787;-9939.059;-9938.856;-4662.3555;0.0;0.0;1838.2656
3790.73;0.00010021442;-0.84536403;0.20607072;-9939.042;-9938.836;-4662.4233;0.0;0.0;1838.2656
3790.735;9.821577e-05;-0.845335;0.20196463;-9939.03;-9938.828;-4662.255;0.0;0.0;1838.2656
3790.74;0.00010022063;-0.84530663;0.20610663;-9938.961;-9938.755;-4662.1064;0.0;0.0;1838.2656
3790.745;9.822615e-05;-0.84528613;0.20201764;-9938.979;-9938.776;-4661.9854;0.0;0.0;1838.2656
3790.75;0.00010023486;-0.84528625;0.20614459;-9938.912;-9938.706;-4661.994;0.0;0.0;1838.2656
3790.755;9.823038e-05;-0.84523976;0.2020386;-9938.905;-9938.703;-4661.7295;0.0;0.0;1838.2656
3790.76;0.00010024089;-0.84523714;0.20618474;-9938.926;-9938.72;-4661.723;0.0;0.0;1838.2656
3790.765;9.824244e-05;-0.8452628;0.20209596;-9938.959;-9938.757;-4661.857;0.0;0.0;1838.2656
3790.77;0.00010025571;-0.84531516;0.20623824;-9939.016;-9938.81;-4662.154;0.0;0.0;1838.2656
3790.775;9.825202e-05;-0.8453047;0.20210227;-9938.98;-9938.778;-4662.088;0.0;0.0;1838.2656
3790.78;0.00010024762;-0.8453155;0.20621443;-9939.014;-9938.808;-4662.156;0.0;0.0;1838.2656
3790.785;9.824638e-05;-0.84530836;0.2020771;-9938.999;-9938.797;-4662.1084;0.0;0.0;1838.2656
3790.79;0.00010023917;-0.84532887;0.20617408;-9939.014;-9938.808;-4662.229;0.0;0.0;1838.2656
3790.795;9.82348e-05;-0.8453294;0.20203313;-9938.995;-9938.793;-4662.224;0.0;0.0;1838.2656
3790.8;0.00010022806;-0.84535336;0.20610994;-9939.023;-9938.817;-4662.3643;0.0;0.0;1838.2656
3790.805;9.8214536e-05;-0.84537244;0.20196863;-9939.089;-9938.887;-4662.4614;0.0;0.0;1838.2656
3790.81;0.00010021642;-0.8453965;0.20607278;-9939.107;-9938.901;-4662.602;0.0;0.0;1838.2656
3790.815;9.8206736e-05;-0.84543407;0.20190139;-9939.105;-9938.903;-4662.801;0.0;0.0;1838.2656
3790.82;0.00010018992;-0.8454396;0.20596993;-9939.102;-9938.8955;-4662.84;0.0;0.0;1838.2656
3790.825;9.818297e-05;-0.8453781;0.20180945;-9939.064;-9938.862;-4662.492;0.0;0.0;1838.2656
3790.83;0.00010016869;-0.84540594;0.20587909;-9939.068;-9938.862;-4662.654;0.0;0.0;1838.2656
3790.835;9.815983e-05;-0.8454207;0.20172434;-9939.051;-9938.849;-4662.727;0.0;0.0;1838.2656
3790.84;0.00010015015;-0.8454139;0.20579082;-9939.028;-9938.822;-4662.6978;0.0;0.0;1838.2656
3790.845;9.813649e-05;-0.845426;0.20163822;-9939.047;-9938.846;-4662.7563;0.0;0.0;1838.2656
3790.85;0.00010013222;-0.84541005;0.2057172;-9939.032;-9938.826;-4662.6763;0.0;0.0;1838.2656
3790.855;9.811908e-05;-0.84543294;0.20158496;-9939.034;-9938.833;-4662.7944;0.0;0.0;1838.2656
3790.86;0.00010012412;-0.8454278;0.20569055;-9939.0;-9938.794;-4662.774;0.0;0.0;1838.2656
3790.865;9.8115604e-05;-0.84545225;0.20155713;-9938.983;-9938.782;-4662.9004;0.0;0.0;1838.2656
3790.87;0.0001001153;-0.8454675;0.20565328;-9938.986;-9938.78;-4662.993;0.0;0.0;1838.2656
3790.875;9.8107346e-05;-0.8454888;0.2015238;-9939.001;-9938.8;-4663.102;0.0;0.0;1838.2656
3790.88;0.000100108155;-0.845499;0.20564133;-9938.98;-9938.774;-4663.1665;0.0;0.0;1838.2656
3790.885;9.810903e-05;-0.84551024;0.20153835;-9938.998;-9938.797;-4663.22;0.0;0.0;1838.2656
3790.89;0.00010011379;-0.84553593;0.20565988;-9938.997;-9938.791;-4663.3706;0.0;0.0;1838.2656
3790.895;9.81134e-05;-0.8455408;0.20154366;-9939.025;-9938.824;-4663.389;0.0;0.0;1838.2656
3790.9;0.000100113575;-0.84558713;0.20567629;-9939.054;-9938.848;-4663.653;0.0;0.0;1838.2656
3790.905;9.812139e-05;-0.8455325;0.20160428;-9938.956;-9938.755;-4663.3433;0.0;0.0;1838.2656
3790.91;0.00010013411;-0.84554523;0.20573762;-9938.963;-9938.757;-4663.422;0.0;0.0;1838.2656
3790.915;9.812969e-05;-0.8455615;0.20160481;-9938.936;-9938.734;-4663.5034;0.0;0.0;1838.2656
3790.92;0.00010012568;-0.8455172;0.20571597;-9938.927;-9938.721;-4663.267;0.0;0.0;1838.2656
3790.925;9.812754e-05;-0.84555805;0.20159271;-9938.913;-9938.712;-4663.484;0.0;0.0;1838.2656
3790.93;0.00010012112;-0.8456305;0.20569134;-9939.019;-9938.8125;-4663.892;0.0;0.0;1838.2656
3790.935;9.8118726e-05;-0.84564066;0.20155326;-9938.986;-9938.785;-4663.9395;0.0;0.0;1838.2656
3790.94;0.0001001091;-0.84564483;0.20562553;-9938.967;-9938.761;-4663.9707;0.0;0.0;1838.2656
3790.945;9.809735e-05;-0.8456234;0.20144814;-9938.956;-9938.755;-4663.844;0.0;0.0;1838.2656
3790.95;0.00010007764;-0.8455901;0.2054716;-9938.902;-9938.697;-4663.669;0.0;0.0;1838.2656
3790.955;9.8053926e-05;-0.8456194;0.20127997;-9938.932;-9938.73;-4663.822;0.0;0.0;1838.2656
3790.96;0.000100039215;-0.84559345;0.20532607;-9938.896;-9938.691;-4663.687;0.0;0.0;1838.2656
3790.965;9.802262e-05;-0.84562767;0.20114693;-9938.899;-9938.698;-4663.867;0.0;0.0;1838.2656
3790.97;0.00010000588;-0.8456259;0.20517763;-9938.935;-9938.7295;-4663.865;0.0;0.0;1838.2656
3790.975;9.798558e-05;-0.8457026;0.20099518;-9939.004;-9938.803;-4664.28;0.0;0.0;1838.2656
3790.98;9.997085e-05;-0.84567934;0.20504877;-9939.01;-9938.805;-4664.16;0.0;0.0;1838.2656
3790.985;9.7960554e-05;-0.8457116;0.20091024;-9939.059;-9938.857;-4664.3296;0.0;0.0;1838.2656
3790.99;9.995828e-05;-0.84565824;0.20500764;-9939.053;-9938.848;-4664.0435;0.0;0.0;1838.2656
3790.995;9.7957054e-05;-0.84572357;0.2008911;-9939.014;-9938.8125;-4664.3955;0.0;0.0;1838.2656
3791.0;9.995595e-05;-0.84568626;0.20502499;-9939.023;-9938.818;-4664.198;0.0;0.0;1838.2656
3791.005;9.797128e-05;-0.8456798;0.2009913;-9939.049;-9938.848;-4664.1543;0.0;0.0;1838.2656
3791.01;9.9994955e-05;-0.8457246;0.20519257;-9939.103;-9938.897;-4664.4097;0.0;0.0;1838.2656
3791.015;9.80171e-05;-0.8457217;0.20116848;-9939.132;-9938.931;-4664.3857;0.0;0.0;1838.2656
3791.02;0.00010003885;-0.8457693;0.20539233;-9939.155;-9938.95;-4664.6562;0.0;0.0;1838.2656
3791.025;9.807267e-05;-0.84574336;0.20139973;-9939.133;-9938.932;-4664.506;0.0;0.0;1838.2656
3791.03;0.00010009886;-0.84569407;0.20565993;-9939.069;-9938.863;-4664.242;0.0;0.0;1838.2656
3791.035;9.8143944e-05;-0.8456938;0.20169698;-9939.104;-9938.901;-4664.233;0.0;0.0;1838.2656
3791.04;0.000100173434;-0.84572726;0.20594902;-9939.134;-9938.928;-4664.426;0.0;0.0;1838.2656
3791.045;9.820847e-05;-0.8457051;0.2019796;-9939.104;-9938.901;-4664.296;0.0;0.0;1838.2656
3791.05;0.00010024497;-0.8456738;0.20624314;-9939.053;-9938.847;-4664.132;0.0;0.0;1838.2656
3791.055;9.827764e-05;-0.8456571;0.20223296;-9939.084;-9938.882;-4664.0317;0.0;0.0;1838.2656
3791.06;0.0001002974;-0.8457108;0.20644224;-9939.107;-9938.901;-4664.3364;0.0;0.0;1838.2656
3791.065;9.831698e-05;-0.8456933;0.20237061;-9939.09;-9938.888;-4664.2314;0.0;0.0;1838.2656
3791.07;0.000100320714;-0.8456665;0.20650169;-9939.055;-9938.849;-4664.0923;0.0;0.0;1838.2656
3791.075;9.831855e-05;-0.8456916;0.2023721;-9939.063;-9938.861;-4664.222;0.0;0.0;1838.2656
3791.08;0.00010031522;-0.84563893;0.20648307;-9939.025;-9938.819;-4663.94;0.0;0.0;1838.2656
3791.085;9.831056e-05;-0.84563226;0.20231287;-9938.979;-9938.776;-4663.8945;0.0;0.0;1838.2656
3791.09;0.000100289784;-0.8456198;0.20634525;-9938.982;-9938.776;-4663.8345;0.0;0.0;1838.2656
3791.095;9.826504e-05;-0.8456036;0.20213182;-9938.975;-9938.772;-4663.7363;0.0;0.0;1838.2656
3791.1;0.000100244324;-0.84560144;0.20613305;-9938.948;-9938.742;-4663.7324;0.0;0.0;1838.2656
3791.105;9.820636e-05;-0.84562707;0.2018907;-9938.951;-9938.749;-4663.865;0.0;0.0;1838.2656
3791.11;0.000100183745;-0.84566593;0.20590575;-9938.966;-9938.76;-4664.0874;0.0;0.0;1838.2656
3791.115;9.815608e-05;-0.8456494;0.2016471;-9938.936;-9938.734;-4663.988;0.0;0.0;1838.2656
3791.12;0.00010011444;-0.84566367;0.20562586;-9938.971;-9938.765;-4664.0747;0.0;0.0;1838.2656
3791.125;9.8091645e-05;-0.8456472;0.201415;-9938.98;-9938.779;-4663.9756;0.0;0.0;1838.2656
3791.13;0.00010006797;-0.84564155;0.20542577;-9938.992;-9938.787;-4663.9526;0.0;0.0;1838.2656
3791.135;9.804425e-05;-0.84569633;0.20124757;-9939.008;-9938.807;-4664.246;0.0;0.0;1838.2656
3791.14;0.00010003711;-0.8456809;0.20531324;-9938.995;-9938.79;-4664.169;0.0;0.0;1838.2656
3791.145;9.802415e-05;-0.84568036;0.2011858;-9938.962;-9938.761;-4664.1577;0.0;0.0;1838.2656
3791.15;0.00010003075;-0.8457136;0.20531762;-9938.965;-9938.76;-4664.3496;0.0;0.0;1838.2656
3791.155;9.803635e-05;-0.84570014;0.20122537;-9939.008;-9938.807;-4664.267;0.0;0.0;1838.2656
3791.16;0.00010004239;-0.84575593;0.20539753;-9939.046;-9938.841;-4664.583;0.0;0.0;1838.2656
3791.165;9.806715e-05;-0.8457755;0.20139346;-9939.072;-9938.871;-4664.683;0.0;0.0;1838.2656
3791.17;0.00010009684;-0.84578234;0.20562834;-9939.057;-9938.851;-4664.729;0.0;0.0;1838.2656
3791.175;9.812632e-05;-0.84580946;0.20162396;-9939.045;-9938.844;-4664.8706;0.0;0.0;1838.2656
3791.18;0.00010015228;-0.84581333;0.20585795;-9939.072;-9938.866;-4664.9004;0.0;0.0;1838.2656
3791.185;9.818352e-05;-0.8458499;0.20186971;-9939.075;-9938.873;-4665.094;0.0;0.0;1838.2656
3791.19;0.00010021394;-0.8458798;0.2061128;-9939.074;-9938.868;-4665.2676;0.0;0.0;1838.2656
3791.195;9.824397e-05;-0.84582824;0.20210612;-9939.068;-9938.866;-4664.975;0.0;0.0;1838.2656
3791.2;0.000100268204;-0.84595907;0.20635208;-9939.172;-9938.966;-4665.705;0.0;0.0;1838.2656
3791.205;9.8303586e-05;-0.84595996;0.20232931;-9939.165;-9938.963;-4665.702;0.0;0.0;1838.2656
3791.21;0.00010031498;-0.8459787;0.20653188;-9939.174;-9938.968;-4665.814;0.0;0.0;1838.2656
3791.215;9.833988e-05;-0.84604657;0.20248045;-9939.197;-9938.995;-4666.18;0.0;0.0;1838.2656
3791.22;0.000100348545;-0.8459546;0.20663919;-9939.125;-9938.918;-4665.681;0.0;0.0;1838.2656
3791.225;9.8354845e-05;-0.84593916;0.20256191;-9939.047;-9938.845;-4665.588;0.0;0.0;1838.2656
3791.23;0.00010036966;-0.84600824;0.20666671;-9939.069;-9938.862;-4665.977;0.0;0.0;1838.2656
3791.235;9.8342745e-05;-0.8459477;0.20250145;-9939.026;-9938.824;-4665.6343;0.0;0.0;1838.2656
3791.24;0.000100347694;-0.8459644;0.20660001;-9939.015;-9938.808;-4665.735;0.0;0.0;1838.2656
3791.245;9.832903e-05;-0.8460234;0.20239963;-9939.064;-9938.862;-4666.052;0.0;0.0;1838.2656
3791.25;0.0001003093;-0.8460468;0.20644519;-9939.068;-9938.862;-4666.1895;0.0;0.0;1838.2656
3791.255;9.828992e-05;-0.8460504;0.20223947;-9939.042;-9938.84;-4666.2007;0.0;0.0;1838.2656
3791.26;0.00010026699;-0.84601635;0.20625326;-9939.037;-9938.831;-4666.021;0.0;0.0;1838.2656
3791.265;9.823779e-05;-0.84603536;0.20200783;-9939.063;-9938.861;-4666.117;0.0;0.0;1838.2656
3791.27;0.000100204896;-0.8460517;0.20600584;-9939.051;-9938.845;-4666.2153;0.0;0.0;1838.2656
3791.275;9.817949e-05;-0.84605944;0.20177947;-9939.018;-9938.815;-4666.2495;0.0;0.0;1838.2656
3791.28;0.0001001518;-0.84604245;0.20578308;-9939.051;-9938.845;-4666.164;0.0;0.0;1838.2656
3791.285;9.812506e-05;-0.84605;0.20155801;-9939.009;-9938.808;-4666.1973;0.0;0.0;1838.2656
3791.29;0.00010009948;-0.84602827;0.20557351;-9939.018;-9938.812;-4666.085;0.0;0.0;1838.2656
3791.295;9.807759e-05;-0.8460549;0.20136106;-9939.009;-9938.808;-4666.2236;0.0;0.0;1838.2656
3791.3;0.000100052355;-0.84606797;0.20538986;-9939.002;-9938.797;-4666.3037;0.0;0.0;1838.2656
3791.305;9.8038094e-05;-0.84606826;0.2012235;-9939.028;-9938.827;-4666.297;0.0;0.0;1838.2656
3791.31;0.00010002687;-0.84602517;0.20528811;-9939.017;-9938.812;-4666.0674;0.0;0.0;1838.2656
3791.315;9.801672e-05;-0.8460609;0.20114419;-9939.016;-9938.814;-4666.2563;0.0;0.0;1838.2656
3791.32;0.0001000126;-0.8460563;0.20524365;-9939.029;-9938.824;-4666.2393;0.0;0.0;1838.2656
3791.325;9.801228e-05;-0.8460506;0.20113844;-9939.092;-9938.891;-4666.199;0.0;0.0;1838.2656
3791.33;0.00010001629;-0.8460155;0.20526972;-9939.0625;-9938.857;-4666.014;0.0;0.0;1838.2656
3791.335;9.8023e-05;-0.8460377;0.20118871;-9939.06;-9938.858;-4666.1284;0.0;0.0;1838.2656
3791.34;0.000100032245;-0.8460295;0.20533541;-9939.08;-9938.875;-4666.092;0.0;0.0;1838.2656
3791.345;9.803999e-05;-0.84601533;0.20125914;-9939.076;-9938.875;-4666.0054;0.0;0.0;1838.2656
3791.35;0.00010005033;-0.84603035;0.20541951;-9939.127;-9938.922;-4666.096;0.0;0.0;1838.2656
3791.355;9.80634e-05;-0.8460429;0.20135236;-9939.098;-9938.896;-4666.157;0.0;0.0;1838.2656
3791.36;0.000100072466;-0.84601414;0.20549741;-9939.078;-9938.873;-4666.0073;0.0;0.0;1838.2656
3791.365;9.8079916e-05;-0.8459965;0.2014273;-9939.058;-9938.856;-4665.902;0.0;0.0;1838.2656
3791.37;0.00010009297;-0.8459094;0.20558873;-9939.008;-9938.802;-4665.4297;0.0;0.0;1838.2656
3791.375;9.810264e-05;-0.8458952;0.20149311;-9938.993;-9938.792;-4665.3433;0.0;0.0;1838.2656
3791.38;0.0001001016;-0.84584403;0.20562015;-9938.971;-9938.765;-4665.0693;0.0;0.0;1838.2656
3791.385;9.810906e-05;-0.8459006;0.20153269;-9939.009;-9938.808;-4665.373;0.0;0.0;1838.2656
3791.39;0.00010011471;-0.8459078;0.2056612;-9939.012;-9938.806;-4665.421;0.0;0.0;1838.2656
3791.395;9.81152e-05;-0.84587026;0.20154607;-9938.993;-9938.792;-4665.2056;0.0;0.0;1838.2656
3791.4;0.00010011513;-0.8458774;0.20565653;-9939.046;-9938.84;-4665.2534;0.0;0.0;1838.2656
3791.405;9.811262e-05;-0.84583706;0.20153876;-9939.068;-9938.867;-4665.0225;0.0;0.0;1838.2656
3791.41;0.000100113626;-0.845876;0.20564395;-9939.051;-9938.845;-4665.2456;0.0;0.0;1838.2656
3791.415;9.810781e-05;-0.8458203;0.20153663;-9939.041;-9938.84;-4664.93;0.0;0.0;1838.2656
3791.42;0.000100118355;-0.84582573;0.20565896;-9939.061;-9938.8545;-4664.9683;0.0;0.0;1838.2656
3791.425;9.811107e-05;-0.84582573;0.20155448;-9939.078;-9938.877;-4664.96;0.0;0.0;1838.2656
3791.43;0.000100123914;-0.84588313;0.20569637;-9939.1455;-9938.939;-4665.285;0.0;0.0;1838.2656
3791.435;9.812468e-05;-0.8458738;0.20159826;-9939.199;-9938.998;-4665.225;0.0;0.0;1838.2656
3791.44;0.000100132886;-0.84585077;0.20575148;-9939.202;-9938.996;-4665.107;0.0;0.0;1838.2656
3791.445;9.8144075e-05;-0.84586114;0.20165007;-9939.205;-9939.004;-4665.156;0.0;0.0;1838.2656
3791.45;0.000100140605;-0.8458727;0.20580351;-9939.22;-9939.014;-4665.2275;0.0;0.0;1838.2656
3791.455;9.816198e-05;-0.8458251;0.20175695;-9939.164;-9938.962;-4664.957;0.0;0.0;1838.2656
3791.46;0.00010017465;-0.84579706;0.20593396;-9939.114;-9938.908;-4664.8105;0.0;0.0;1838.2656
3791.465;9.819147e-05;-0.8457923;0.20188597;-9939.121;-9938.919;-4664.7764;0.0;0.0;1838.2656
3791.47;0.00010020832;-0.84575796;0.20605643;-9939.076;-9938.87;-4664.5957;0.0;0.0;1838.2656
3791.475;9.821619e-05;-0.8457223;0.20197271;-9939.121;-9938.919;-4664.3906;0.0;0.0;1838.2656
3791.48;0.00010022536;-0.8457806;0.2061309;-9939.161;-9938.955;-4664.7207;0.0;0.0;1838.2656
3791.485;9.823448e-05;-0.8458085;0.20205763;-9939.222;-9939.02;-4664.866;0.0;0.0;1838.2656
3791.49;0.00010024736;-0.84578437;0.20622075;-9939.242;-9939.036;-4664.7417;0.0;0.0;1838.2656
3791.495;9.825469e-05;-0.845817;0.20213659;-9939.273;-9939.071;-4664.9136;0.0;0.0;1838.2656
3791.5;0.0001002637;-0.8457782;0.20626761;-9939.243;-9939.037;-4664.7075;0.0;0.0;1838.2656
3791.505;9.825898e-05;-0.8457078;0.20214704;-9939.147;-9938.945;-4664.311;0.0;0.0;1838.2656
3791.51;0.000100262674;-0.84569263;0.20626622;-9939.155;-9938.949;-4664.236;0.0;0.0;1838.2656
3791.515;9.825704e-05;-0.845727;0.20211607;-9939.164;-9938.962;-4664.417;0.0;0.0;1838.2656
3791.52;0.00010024792;-0.8456804;0.2061961;-9939.129;-9938.923;-4664.1685;0.0;0.0;1838.2656
3791.525;9.82369e-05;-0.8456813;0.20204681;-9939.1875;-9938.985;-4664.165;0.0;0.0;1838.2656
3791.53;0.00010023275;-0.84567034;0.20615932;-9939.195;-9938.989;-4664.1123;0.0;0.0;1838.2656
3791.535;9.823281e-05;-0.84562945;0.20200972;-9939.158;-9938.956;-4663.879;0.0;0.0;1838.2656
3791.54;0.00010021823;-0.84565836;0.20606825;-9939.185;-9938.979;-4664.0464;0.0;0.0;1838.2656
3791.545;9.820305e-05;-0.8456226;0.20189765;-9939.17;-9938.968;-4663.8403;0.0;0.0;1838.2656
3791.55;0.000100192934;-0.8456126;0.20599192;-9939.178;-9938.972;-4663.7935;0.0;0.0;1838.2656
3791.555;9.819159e-05;-0.84556943;0.20185745;-9939.121;-9938.919;-4663.5474;0.0;0.0;1838.2656
3791.56;0.000100184625;-0.8455466;0.20592955;-9939.096;-9938.89;-4663.4297;0.0;0.0;1838.2656
3791.565;9.8170225e-05;-0.8455713;0.20178282;-9939.151;-9938.949;-4663.557;0.0;0.0;1838.2656
3791.57;0.00010017043;-0.8454943;0.20590794;-9939.162;-9938.956;-4663.141;0.0;0.0;1838.2656
3791.575;9.817458e-05;-0.8455123;0.2017698;-9939.148;-9938.946;-4663.232;0.0;0.0;1838.2656
3791.58;0.00010015968;-0.84546775;0.20585974;-9939.109;-9938.903;-4662.9946;0.0;0.0;1838.2656
3791.585;9.816161e-05;-0.845483;0.2017431;-9939.1;-9938.897;-4663.0703;0.0;0.0;1838.2656
3791.59;0.000100159305;-0.84539735;0.20584047;-9939.03;-9938.824;-4662.6064;0.0;0.0;1838.2656
3791.595;9.815279e-05;-0.8453685;0.20170246;-9939.051;-9938.849;-4662.439;0.0;0.0;1838.2656
3791.6;0.00010014807;-0.84536475;0.2057971;-9939.039;-9938.833;-4662.427;0.0;0.0;1838.2656
3791.605;9.814208e-05;-0.84529114;0.2016454;-9939.0;-9938.799;-4662.012;0.0;0.0;1838.2656
3791.61;0.00010012987;-0.845266;0.20571032;-9939.011;-9938.805;-4661.882;0.0;0.0;1838.2656
3791.615;9.811784e-05;-0.8452824;0.20154983;-9939.034;-9938.833;-4661.9634;0.0;0.0;1838.2656
3791.62;0.00010010745;-0.8452511;0.20562114;-9939.045;-9938.839;-4661.7993;0.0;0.0;1838.2656
3791.625;9.809669e-05;-0.84526545;0.20147088;-9939.068;-9938.867;-4661.87;0.0;0.0;1838.2656
3791.63;0.00010008935;-0.84523386;0.20554194;-9939.082;-9938.877;-4661.704;0.0;0.0;1838.2656
3791.635;9.8076256e-05;-0.8452435;0.20136641;-9939.084;-9938.883;-4661.749;0.0;0.0;1838.2656
3791.64;0.00010005925;-0.84521365;0.20541885;-9939.081;-9938.876;-4661.5923;0.0;0.0;1838.2656
3791.645;9.804682e-05;-0.8451836;0.2012582;-9939.113;-9938.912;-4661.4185;0.0;0.0;1838.2656
3791.65;0.00010003601;-0.8452087;0.20531252;-9939.101;-9938.8955;-4661.565;0.0;0.0;1838.2656
3791.655;9.802007e-05;-0.8451238;0.20115376;-9939.047;-9938.846;-4661.0884;0.0;0.0;1838.2656
3791.66;0.00010001349;-0.84512216;0.20524429;-9939.029;-9938.824;-4661.088;0.0;0.0;1838.2656
3791.665;9.8011e-05;-0.8450715;0.20110352;-9938.997;-9938.796;-4660.8;0.0;0.0;1838.2656
3791.67;0.00010000016;-0.8450713;0.2051853;-9938.979;-9938.773;-4660.807;0.0;0.0;1838.2656
3791.675;9.799816e-05;-0.84506226;0.20106512;-9938.967;-9938.766;-4660.749;0.0;0.0;1838.2656
3791.68;9.999609e-05;-0.8450198;0.20518377;-9938.941;-9938.736;-4660.523;0.0;0.0;1838.2656
3791.685;9.80033e-05;-0.8450275;0.20109873;-9939.012;-9938.811;-4660.557;0.0;0.0;1838.2656
3791.69;0.000100009114;-0.8450751;0.20524278;-9939.031;-9938.826;-4660.8276;0.0;0.0;1838.2656
3791.695;9.802153e-05;-0.8450506;0.2011615;-9939.026;-9938.825;-4660.6846;0.0;0.0;1838.2656
3791.7;0.00010002406;-0.84504;0.20530833;-9939.002;-9938.797;-4660.635;0.0;0.0;1838.2656
3791.705;9.803924e-05;-0.845043;0.20124264;-9939.029;-9938.828;-4660.643;0.0;0.0;1838.2656
3791.71;0.00010004687;-0.8449997;0.20540534;-9939.01;-9938.805;-4660.4126;0.0;0.0;1838.2656
3791.715;9.8064185e-05;-0.8450089;0.20134611;-9939.025;-9938.824;-4660.455;0.0;0.0;1838.2656
3791.72;0.00010007362;-0.84502375;0.20550716;-9939.032;-9938.827;-4660.5454;0.0;0.0;1838.2656
3791.725;9.808732e-05;-0.8450247;0.2014443;-9939.01;-9938.809;-4660.5425;0.0;0.0;1838.2656
3791.73;0.000100098936;-0.84499997;0.20559171;-9939.006;-9938.8;-4660.4146;0.0;0.0;1838.2656
3791.735;9.810388e-05;-0.8450441;0.20151447;-9939.054;-9938.853;-4660.6494;0.0;0.0;1838.2656
3791.74;0.00010011704;-0.8450377;0.20567968;-9939.053;-9938.847;-4660.6226;0.0;0.0;1838.2656
3791.745;9.812881e-05;-0.8450591;0.20161404;-9939.056;-9938.8545;-4660.7324;0.0;0.0;1838.2656
3791.75;0.00010014063;-0.8450681;0.20577714;-9939.057;-9938.851;-4660.7905;0.0;0.0;1838.2656
3791.755;9.815107e-05;-0.8451102;0.20169064;-9939.095;-9938.893;-4661.014;0.0;0.0;1838.2656
3791.76;0.00010015544;-0.8451216;0.20585458;-9939.139;-9938.933;-4661.086;0.0;0.0;1838.2656
3791.765;9.817398e-05;-0.8451768;0.20177844;-9939.138;-9938.936;-4661.382;0.0;0.0;1838.2656
3791.77;0.000100175836;-0.84518963;0.2059406;-9939.217;-9939.011;-4661.461;0.0;0.0;1838.2656
3791.775;9.81945e-05;-0.84524935;0.20188138;-9939.227;-9939.024;-4661.782;0.0;0.0;1838.2656
3791.78;0.000100204794;-0.84524155;0.20600772;-9939.207;-9939.001;-4661.7476;0.0;0.0;1838.2656
3791.785;9.8198434e-05;-0.8452369;0.20191753;-9939.204;-9939.002;-4661.7134;0.0;0.0;1838.2656
3791.79;0.00010021828;-0.8452243;0.2060934;-9939.174;-9938.968;-4661.6523;0.0;0.0;1838.2656
3791.795;9.822546e-05;-0.8452806;0.20201007;-9939.189;-9938.987;-4661.955;0.0;0.0;1838.2656
3791.8;0.00010023609;-0.8452681;0.20617805;-9939.1875;-9938.981;-4661.894;0.0;0.0;1838.2656
3791.805;9.8248405e-05;-0.84530133;0.20209065;-9939.195;-9938.993;-4662.0693;0.0;0.0;1838.2656
3791.81;0.0001002518;-0.8453437;0.20623802;-9939.225;-9939.019;-4662.311;0.0;0.0;1838.2656
3791.815;9.8260934e-05;-0.8453169;0.20217088;-9939.146;-9938.944;-4662.1553;0.0;0.0;1838.2656
3791.82;0.00010027676;-0.84531575;0.2063296;-9939.17;-9938.964;-4662.157;0.0;0.0;1838.2656
3791.825;9.827853e-05;-0.8453399;0.20222025;-9939.178;-9938.976;-4662.282;0.0;0.0;1838.2656
3791.83;0.00010028142;-0.845368;0.20633201;-9939.178;-9938.972;-4662.4453;0.0;0.0;1838.2656
3791.835;9.827337e-05;-0.84537506;0.20220685;-9939.1875;-9938.985;-4662.476;0.0;0.0;1838.2656
3791.84;0.000100278194;-0.84540975;0.20633447;-9939.254;-9939.048;-4662.676;0.0;0.0;1838.2656
3791.845;9.827597e-05;-0.8454036;0.20219721;-9939.208;-9939.006;-4662.6333;0.0;0.0;1838.2656
3791.85;0.00010026949;-0.8453884;0.20629193;-9939.161;-9938.955;-4662.558;0.0;0.0;1838.2656
3791.855;9.8262266e-05;-0.84541804;0.2021414;-9939.1455;-9938.943;-4662.713;0.0;0.0;1838.2656
3791.86;0.000100254656;-0.84541756;0.2062194;-9939.195;-9938.989;-4662.7183;0.0;0.0;1838.2656
3791.865;9.8241224e-05;-0.8454488;0.20206004;-9939.223;-9939.0205;-4662.8823;0.0;0.0;1838.2656
3791.87;0.00010023481;-0.845447;0.20612957;-9939.229;-9939.022;-4662.881;0.0;0.0;1838.2656
3791.875;9.821731e-05;-0.84543586;0.20198913;-9939.197;-9938.995;-4662.811;0.0;0.0;1838.2656
3791.88;0.0001002241;-0.84547836;0.20609048;-9939.234;-9939.028;-4663.0537;0.0;0.0;1838.2656
3791.885;9.82087e-05;-0.8454203;0.20192719;-9939.214;-9939.012;-4662.725;0.0;0.0;1838.2656
3791.89;0.00010020269;-0.84540766;0.20601058;-9939.193;-9938.987;-4662.6636;0.0;0.0;1838.2656
3791.895;9.8191456e-05;-0.8454181;0.20187649;-9939.16;-9938.958;-4662.713;0.0;0.0;1838.2656
3791.9;0.000100194906;-0.84542733;0.20598128;-9939.207;-9939.001;-4662.772;0.0;0.0;1838.2656
3791.905;9.818584e-05;-0.8454646;0.20183596;-9939.222;-9939.02;-4662.969;0.0;0.0;1838.2656
3791.91;0.0001001811;-0.8454368;0.20595044;-9939.215;-9939.009;-4662.824;0.0;0.0;1838.2656
3791.915;9.8184e-05;-0.84546125;0.20183665;-9939.291;-9939.089;-4662.9507;0.0;0.0;1838.2656
3791.92;0.000100182704;-0.8454772;0.2059479;-9939.308;-9939.102;-4663.047;0.0;0.0;1838.2656
3791.925;9.818109e-05;-0.8454416;0.20182414;-9939.307;-9939.1045;-4662.8423;0.0;0.0;1838.2656
3791.93;0.00010017936;-0.8454523;0.20592432;-9939.332;-9939.126;-4662.9097;0.0;0.0;1838.2656
3791.935;9.817227e-05;-0.84542865;0.20177874;-9939.3125;-9939.11;-4662.771;0.0;0.0;1838.2656
3791.94;0.00010016516;-0.84541243;0.20586446;-9939.283;-9939.077;-4662.6895;0.0;0.0;1838.2656
3791.945;9.81567e-05;-0.8453709;0.20171426;-9939.258;-9939.056;-4662.452;0.0;0.0;1838.2656
3791.95;0.000100148485;-0.84537965;0.20578557;-9939.275;-9939.069;-4662.509;0.0;0.0;1838.2656
3791.955;9.8135126e-05;-0.8453543;0.20162432;-9939.277;-9939.076;-4662.3604;0.0;0.0;1838.2656
3791.96;0.00010012501;-0.8453304;0.20567544;-9939.278;-9939.072;-4662.237;0.0;0.0;1838.2656
3791.965;9.8103934e-05;-0.84530526;0.20148927;-9939.274;-9939.073;-4662.09;0.0;0.0;1838.2656
3791.97;0.00010009061;-0.845321;0.20554763;-9939.279;-9939.074;-4662.1846;0.0;0.0;1838.2656
3791.975;9.807632e-05;-0.8452726;0.20136975;-9939.246;-9939.045;-4661.909;0.0;0.0;1838.2656
3791.98;0.000100059995;-0.8452376;0.20541461;-9939.244;-9939.039;-4661.7246;0.0;0.0;1838.2656
3791.985;9.804426e-05;-0.8451783;0.20124018;-9939.162;-9938.961;-4661.389;0.0;0.0;1838.2656
3791.99;0.00010003006;-0.84516346;0.20530348;-9939.1455;-9938.94;-4661.3154;0.0;0.0;1838.2656
3791.995;9.8021825e-05;-0.84516317;0.20115593;-9939.152;-9938.951;-4661.3057;0.0;0.0;1838.2656
3792.0;0.00010001307;-0.84510475;0.20523936;-9939.152;-9938.947;-4660.9917;0.0;0.0;1838.2656
3792.005;9.8010474e-05;-0.8451081;0.20110482;-9939.175;-9938.974;-4661.0015;0.0;0.0;1838.2656
3792.01;0.000100002275;-0.8451041;0.20521185;-9939.171;-9938.966;-4660.988;0.0;0.0;1838.2656
3792.015;9.801034e-05;-0.84512526;0.20111707;-9939.229;-9939.027;-4661.096;0.0;0.0;1838.2656
3792.02;0.00010001134;-0.8450562;0.20525503;-9939.209;-9939.004;-4660.7236;0.0;0.0;1838.2656
3792.025;9.802502e-05;-0.8450397;0.20120803;-9939.212;-9939.011;-4660.625;0.0;0.0;1838.2656
3792.03;0.00010004358;-0.84501886;0.20538472;-9939.21;-9939.005;-4660.518;0.0;0.0;1838.2656
3792.035;9.805699e-05;-0.8449803;0.20133546;-9939.205;-9939.004;-4660.2974;0.0;0.0;1838.2656
3792.04;0.00010007508;-0.8449716;0.20552263;-9939.191;-9938.986;-4660.258;0.0;0.0;1838.2656
3792.045;9.8093384e-05;-0.8449389;0.20149046;-9939.223;-9939.021;-4660.0693;0.0;0.0;1838.2656
3792.05;0.000100114936;-0.84491956;0.20567068;-9939.209;-9939.003;-4659.971;0.0;0.0;1838.2656
3792.055;9.8125805e-05;-0.8448769;0.20161165;-9939.219;-9939.018;-4659.7275;0.0;0.0;1838.2656
3792.06;0.00010014154;-0.8448758;0.20580879;-9939.206;-9939.0;-4659.73;0.0;0.0;1838.2656
3792.065;9.816463e-05;-0.84482056;0.20175704;-9939.141;-9938.938;-4659.417;0.0;0.0;1838.2656
3792.07;0.000100172125;-0.84478515;0.20592332;-9939.156;-9938.95;-4659.2305;0.0;0.0;1838.2656
3792.075;9.818783e-05;-0.8447961;0.20185122;-9939.172;-9938.97;-4659.2827;0.0;0.0;1838.2656
3792.08;0.000100193036;-0.8447203;0.20597854;-9939.168;-9938.962;-4658.873;0.0;0.0;1838.2656
3792.085;9.819194e-05;-0.84469134;0.2018718;-9939.111;-9938.909;-4658.7046;0.0;0.0;1838.2656
3792.09;0.00010019758;-0.8447078;0.20598671;-9939.125;-9938.919;-4658.8037;0.0;0.0;1838.2656
3792.095;9.818963e-05;-0.84466714;0.20183629;-9939.111;-9938.909;-4658.5713;0.0;0.0;1838.2656
3792.1;0.00010018123;-0.8446451;0.20591667;-9939.059;-9938.853;-4658.458;0.0;0.0;1838.2656
3792.105;9.817101e-05;-0.8445808;0.20176268;-9939.058;-9938.855;-4658.095;0.0;0.0;1838.2656
3792.11;0.00010016361;-0.8445799;0.20588002;-9939.045;-9938.839;-4658.098;0.0;0.0;1838.2656
3792.115;9.817213e-05;-0.84452623;0.20176281;-9939.028;-9938.826;-4657.794;0.0;0.0;1838.2656
3792.12;0.00010016278;-0.8445014;0.20585069;-9939.051;-9938.845;-4657.6655;0.0;0.0;1838.2656
3792.125;9.815835e-05;-0.8445365;0.20170662;-9939.066;-9938.864;-4657.8506;0.0;0.0;1838.2656
3792.13;0.00010014956;-0.84447426;0.20581892;-9939.01;-9938.804;-4657.5156;0.0;0.0;1838.2656
3792.135;9.815706e-05;-0.8444631;0.20171598;-9938.994;-9938.792;-4657.446;0.0;0.0;1838.2656
3792.14;0.00010015679;-0.8444187;0.2058286;-9938.961;-9938.755;-4657.2095;0.0;0.0;1838.2656
3792.145;9.815614e-05;-0.8444402;0.20172895;-9938.962;-9938.76;-4657.32;0.0;0.0;1838.2656
3792.15;0.000100165664;-0.8444454;0.20588991;-9939.012;-9938.806;-4657.357;0.0;0.0;1838.2656
3792.155;9.817748e-05;-0.84445196;0.20180777;-9939.016;-9938.813;-4657.385;0.0;0.0;1838.2656
3792.16;0.0001001832;-0.8444236;0.20597985;-9939.026;-9938.82;-4657.2363;0.0;0.0;1838.2656
3792.165;9.8203935e-05;-0.8444214;0.20191781;-9939.037;-9938.835;-4657.2163;0.0;0.0;1838.2656
3792.17;0.00010021073;-0.84441996;0.20608556;-9939.009;-9938.803;-4657.217;0.0;0.0;1838.2656
3792.175;9.822724e-05;-0.8444027;0.20202534;-9939.013;-9938.811;-4657.1133;0.0;0.0;1838.2656
3792.18;0.00010023814;-0.84438664;0.20616801;-9938.994;-9938.788;-4657.033;0.0;0.0;1838.2656
3792.185;9.8237724e-05;-0.8443733;0.20207092;-9939.0;-9938.798;-4656.951;0.0;0.0;1838.2656
3792.19;0.000100248246;-0.84438556;0.20621133;-9939.011;-9938.805;-4657.0273;0.0;0.0;1838.2656
3792.195;9.824686e-05;-0.84442323;0.20208162;-9939.035;-9938.833;-4657.227;0.0;0.0;1838.2656
3792.2;0.00010024217;-0.84436953;0.20620304;-9938.995;-9938.789;-4656.939;0.0;0.0;1838.2656
3792.205;9.824686e-05;-0.844407;0.20206644;-9939.002;-9938.8;-4657.137;0.0;0.0;1838.2656
3792.21;0.00010023338;-0.8444082;0.20614687;-9939.031;-9938.825;-4657.1523;0.0;0.0;1838.2656
3792.215;9.822675e-05;-0.8444131;0.20200223;-9939.018;-9938.815;-4657.1704;0.0;0.0;1838.2656
3792.22;0.000100220124;-0.84444076;0.20607662;-9939.018;-9938.812;-4657.3315;0.0;0.0;1838.2656
3792.225;9.820559e-05;-0.8444734;0.20190454;-9939.101;-9938.898;-4657.5034;0.0;0.0;1838.2656
3792.23;0.00010019354;-0.84447896;0.20597756;-9939.128;-9938.922;-4657.542;0.0;0.0;1838.2656
3792.235;9.8183e-05;-0.8445476;0.20179853;-9939.162;-9938.96;-4657.912;0.0;0.0;1838.2656
3792.24;0.00010016368;-0.84458214;0.2058535;-9939.151;-9938.945;-4658.111;0.0;0.0;1838.2656
3792.245;9.8152705e-05;-0.84454966;0.20168789;-9939.144;-9938.941;-4657.9233;0.0;0.0;1838.2656
3792.25;0.00010014023;-0.84459484;0.20575646;-9939.148;-9938.942;-4658.1807;0.0;0.0;1838.2656
3792.255;9.81296e-05;-0.84464717;0.20160699;-9939.18;-9938.979;-4658.461;0.0;0.0;1838.2656
3792.26;0.000100124445;-0.84463096;0.20567504;-9939.178;-9938.972;-4658.3794;0.0;0.0;1838.2656
3792.265;9.8107215e-05;-0.8446732;0.20153394;-9939.174;-9938.973;-4658.604;0.0;0.0;1838.2656
3792.27;0.00010011179;-0.8446887;0.20563367;-9939.164;-9938.958;-4658.698;0.0;0.0;1838.2656
3792.275;9.8100325e-05;-0.8446563;0.20149173;-9939.094;-9938.893;-4658.5107;0.0;0.0;1838.2656
3792.28;0.00010009911;-0.84474844;0.20558926;-9939.102;-9938.8955;-4659.0273;0.0;0.0;1838.2656
3792.285;9.8092496e-05;-0.84474987;0.20146456;-9939.069;-9938.868;-4659.027;0.0;0.0;1838.2656
3792.29;0.00010009409;-0.8447384;0.20556042;-9939.047;-9938.842;-4658.9717;0.0;0.0;1838.2656
3792.295;9.8083554e-05;-0.844763;0.20140105;-9939.024;-9938.823;-4659.099;0.0;0.0;1838.2656
3792.3;0.00010007197;-0.84479964;0.2054861;-9939.034;-9938.829;-4659.3096;0.0;0.0;1838.2656
3792.305;9.8070974e-05;-0.8448196;0.20136738;-9939.016;-9938.814;-4659.411;0.0;0.0;1838.2656
3792.31;0.00010006928;-0.8448486;0.20546818;-9939.028;-9938.823;-4659.579;0.0;0.0;1838.2656
3792.315;9.8065604e-05;-0.84485334;0.20134883;-9938.979;-9938.777;-4659.597;0.0;0.0;1838.2656
3792.32;0.00010006607;-0.8448943;0.20546018;-9938.968;-9938.763;-4659.831;0.0;0.0;1838.2656
3792.325;9.806605e-05;-0.84489363;0.2013613;-9938.914;-9938.713;-4659.8193;0.0;0.0;1838.2656
3792.33;0.00010007281;-0.8449141;0.20547746;-9938.901;-9938.696;-4659.9404;0.0;0.0;1838.2656
3792.335;9.806864e-05;-0.84493446;0.201367;-9938.909;-9938.708;-4660.0444;0.0;0.0;1838.2656
3792.34;0.000100075216;-0.8449551;0.2055087;-9938.876;-9938.671;-4660.1665;0.0;0.0;1838.2656
3792.345;9.808271e-05;-0.8449994;0.20144293;-9938.854;-9938.652;-4660.403;0.0;0.0;1838.2656
3792.35;0.00010009907;-0.84501445;0.20558664;-9938.852;-9938.6455;-4660.494;0.0;0.0;1838.2656
3792.355;9.80982e-05;-0.8450384;0.20149763;-9938.852;-9938.65;-4660.618;0.0;0.0;1838.2656
3792.36;0.00010011163;-0.8451047;0.20565923;-9938.914;-9938.708;-4660.992;0.0;0.0;1838.2656
3792.365;9.8121105e-05;-0.8451544;0.20158817;-9938.903;-9938.702;-4661.258;0.0;0.0;1838.2656
3792.37;0.00010013329;-0.84519523;0.20576805;-9938.947;-9938.741;-4661.4917;0.0;0.0;1838.2656
3792.375;9.815257e-05;-0.84526116;0.20170297;-9938.98;-9938.778;-4661.847;0.0;0.0;1838.2656
3792.38;0.00010015869;-0.84528184;0.2058661;-9938.964;-9938.758;-4661.969;0.0;0.0;1838.2656
3792.385;9.817429e-05;-0.84530574;0.20182036;-9938.959;-9938.757;-4662.093;0.0;0.0;1838.2656
3792.39;0.00010019257;-0.8453145;0.20599107;-9938.947;-9938.741;-4662.15;0.0;0.0;1838.2656
3792.395;9.819974e-05;-0.8453133;0.20190535;-9938.885;-9938.683;-4662.135;0.0;0.0;1838.2656
3792.4;0.00010020702;-0.8453555;0.2060351;-9938.888;-9938.682;-4662.376;0.0;0.0;1838.2656
3792.405;9.8204604e-05;-0.8453658;0.20190266;-9938.881;-9938.679;-4662.425;0.0;0.0;1838.2656
3792.41;0.000100199075;-0.84540826;0.20599866;-9938.869;-9938.663;-4662.667;0.0;0.0;1838.2656
3792.415;9.8192744e-05;-0.8454509;0.20186399;-9938.902;-9938.7;-4662.8936;0.0;0.0;1838.2656
3792.42;0.000100190344;-0.84548056;0.2059595;-9938.907;-9938.701;-4663.0654;0.0;0.0;1838.2656
3792.425;9.8181e-05;-0.8454518;0.2018219;-9938.864;-9938.662;-4662.8984;0.0;0.0;1838.2656
3792.43;0.00010018042;-0.84548;0.20589793;-9938.865;-9938.659;-4663.0625;0.0;0.0;1838.2656
3792.435;9.815997e-05;-0.84549755;0.20172516;-9938.877;-9938.675;-4663.151;0.0;0.0;1838.2656
3792.44;0.0001001531;-0.8455689;0.20578972;-9938.911;-9938.705;-4663.5522;0.0;0.0;1838.2656
3792.445;9.813495e-05;-0.8455662;0.2016018;-9938.902;-9938.701;-4663.5293;0.0;0.0;1838.2656
3792.45;0.00010011765;-0.8455664;0.20565587;-9938.872;-9938.666;-4663.538;0.0;0.0;1838.2656
3792.455;9.810584e-05;-0.84560376;0.20150265;-9938.897;-9938.696;-4663.736;0.0;0.0;1838.2656
3792.46;0.00010009979;-0.84559786;0.2055811;-9938.924;-9938.718;-4663.712;0.0;0.0;1838.2656
3792.465;9.8089185e-05;-0.8456213;0.2014271;-9938.897;-9938.696;-4663.8325;0.0;0.0;1838.2656
3792.47;0.000100081124;-0.84563637;0.20551714;-9938.913;-9938.708;-4663.924;0.0;0.0;1838.2656
3792.475;9.807837e-05;-0.84569687;0.20140141;-9938.934;-9938.732;-4664.249;0.0;0.0;1838.2656
3792.48;0.0001000812;-0.8456401;0.20553638;-9938.894;-9938.688;-4663.945;0.0;0.0;1838.2656
3792.485;9.809018e-05;-0.84567785;0.20144375;-9938.9;-9938.699;-4664.1445;0.0;0.0;1838.2656
3792.49;0.00010009198;-0.8456742;0.20556214;-9938.879;-9938.674;-4664.133;0.0;0.0;1838.2656
3792.495;9.809302e-05;-0.8457137;0.20147684;-9938.947;-9938.746;-4664.342;0.0;0.0;1838.2656
3792.5;0.00010010678;-0.84569985;0.20566371;-9938.917;-9938.711;-4664.274;0.0;0.0;1838.2656
3792.505;9.8127704e-05;-0.8457411;0.20157382;-9938.93;-9938.729;-4664.4937;0.0;0.0;1838.2656
3792.51;0.00010011887;-0.84570545;0.20569253;-9938.892;-9938.686;-4664.305;0.0;0.0;1838.2656
3792.515;9.812962e-05;-0.8457445;0.20162734;-9938.965;-9938.764;-4664.512;0.0;0.0;1838.2656
3792.52;0.00010014358;-0.84578943;0.20579663;-9938.984;-9938.778;-4664.7686;0.0;0.0;1838.2656
3792.525;9.815487e-05;-0.8457485;0.20170891;-9938.961;-9938.759;-4664.534;0.0;0.0;1838.2656
3792.53;0.00010015644;-0.8457616;0.20582289;-9938.959;-9938.753;-4664.615;0.0;0.0;1838.2656
3792.535;9.815306e-05;-0.8458068;0.20172659;-9938.949;-9938.747;-4664.856;0.0;0.0;1838.2656
3792.54;0.00010016643;-0.8457342;0.20587066;-9938.894;-9938.6875;-4664.464;0.0;0.0;1838.2656
3792.545;9.8166456e-05;-0.84576344;0.20174907;-9938.912;-9938.71;-4664.617;0.0;0.0;1838.2656
3792.55;0.00010016303;-0.8458019;0.20584649;-9938.951;-9938.745;-4664.8374;0.0;0.0;1838.2656
3792.555;9.815664e-05;-0.8457928;0.20170617;-9938.927;-9938.725;-4664.779;0.0;0.0;1838.2656
3792.56;0.000100150966;-0.8458183;0.20580372;-9938.963;-9938.757;-4664.9277;0.0;0.0;1838.2656
3792.565;9.814849e-05;-0.84580535;0.20168753;-9938.961;-9938.759;-4664.848;0.0;0.0;1838.2656
3792.57;0.00010015062;-0.8458298;0.20580813;-9939.013;-9938.807;-4664.991;0.0;0.0;1838.2656
3792.575;9.815078e-05;-0.845812;0.20168677;-9938.976;-9938.773;-4664.885;0.0;0.0;1838.2656
3792.58;0.00010014825;-0.8458197;0.20577866;-9939.011;-9938.805;-4664.9355;0.0;0.0;1838.2656
3792.585;9.813979e-05;-0.8458297;0.2016716;-9939.06;-9938.857;-4664.9824;0.0;0.0;1838.2656
3792.59;0.00010015312;-0.8458978;0.20581405;-9939.129;-9938.923;-4665.366;0.0;0.0;1838.2656
3792.595;9.8153585e-05;-0.8458894;0.2017203;-9939.105;-9938.903;-4665.3115;0.0;0.0;1838.2656
3792.6;0.00010016362;-0.845883;0.2058755;-9939.076;-9938.87;-4665.2847;0.0;0.0;1838.2656
3792.605;9.817317e-05;-0.8458906;0.2017895;-9939.068;-9938.866;-4665.3184;0.0;0.0;1838.2656
3792.61;0.000100178484;-0.8458121;0.20595123;-9938.98;-9938.774;-4664.8936;0.0;0.0;1838.2656
3792.615;9.8195116e-05;-0.8457975;0.20189518;-9938.982;-9938.78;-4664.805;0.0;0.0;1838.2656
3792.62;0.00010020862;-0.84581333;0.20607159;-9938.979;-9938.772;-4664.901;0.0;0.0;1838.2656
3792.625;9.822211e-05;-0.84580797;0.20198843;-9938.983;-9938.781;-4664.8633;0.0;0.0;1838.2656
3792.63;0.00010022679;-0.8457492;0.20613223;-9938.92;-9938.714;-4664.5474;0.0;0.0;1838.2656
3792.635;9.8232784e-05;-0.8457958;0.2020492;-9938.918;-9938.716;-4664.7964;0.0;0.0;1838.2656
3792.64;0.00010024368;-0.84576416;0.20617926;-9938.918;-9938.712;-4664.63;0.0;0.0;1838.2656
3792.645;9.8236735e-05;-0.8457187;0.20204416;-9938.894;-9938.691;-4664.371;0.0;0.0;1838.2656
3792.65;0.000100234996;-0.84572625;0.20616329;-9938.884;-9938.678;-4664.421;0.0;0.0;1838.2656
3792.655;9.823593e-05;-0.8456949;0.20203671;-9938.883;-9938.681;-4664.2397;0.0;0.0;1838.2656
3792.66;0.000100229896;-0.84569;0.2061229;-9938.887;-9938.681;-4664.221;0.0;0.0;1838.2656
3792.665;9.821933e-05;-0.845684;0.20195404;-9938.897;-9938.695;-4664.179;0.0;0.0;1838.2656
3792.67;0.00010020509;-0.8457066;0.20601046;-9938.883;-9938.677;-4664.312;0.0;0.0;1838.2656
3792.675;9.8188786e-05;-0.8456517;0.20183547;-9938.877;-9938.675;-4664.001;0.0;0.0;1838.2656
3792.68;0.000100177305;-0.8456512;0.20591265;-9938.879;-9938.673;-4664.007;0.0;0.0;1838.2656
3792.685;9.816908e-05;-0.845645;0.20175803;-9938.848;-9938.6455;-4663.964;0.0;0.0;1838.2656
3792.69;0.000100158846;-0.84561676;0.2058059;-9938.863;-9938.657;-4663.8164;0.0;0.0;1838.2656
3792.695;9.813611e-05;-0.84560704;0.2016309;-9938.867;-9938.666;-4663.7544;0.0;0.0;1838.2656
3792.7;0.00010013039;-0.8456208;0.20569673;-9938.868;-9938.662;-4663.8384;0.0;0.0;1838.2656
3792.705;9.8113014e-05;-0.8456191;0.2015343;-9938.916;-9938.715;-4663.8203;0.0;0.0;1838.2656
3792.71;0.00010010773;-0.8456231;0.20564018;-9938.966;-9938.76;-4663.851;0.0;0.0;1838.2656
3792.715;9.810961e-05;-0.8455973;0.20152041;-9938.932;-9938.73;-4663.7;0.0;0.0;1838.2656
3792.72;0.00010010552;-0.84558964;0.20563242;-9938.933;-9938.727;-4663.666;0.0;0.0;1838.2656
3792.725;9.810914e-05;-0.8455588;0.20151454;-9938.959;-9938.758;-4663.4883;0.0;0.0;1838.2656
3792.73;0.000100104895;-0.8455573;0.20564836;-9938.935;-9938.729;-4663.488;0.0;0.0;1838.2656
3792.735;9.811889e-05;-0.8455357;0.20156106;-9938.947;-9938.746;-4663.3604;0.0;0.0;1838.2656
3792.74;0.000100117875;-0.84551585;0.20566623;-9938.915;-9938.709;-4663.2593;0.0;0.0;1838.2656
3792.745;9.811551e-05;-0.8455203;0.20155963;-9938.934;-9938.732;-4663.276;0.0;0.0;1838.2656
3792.75;0.0001001216;-0.845537;0.20568472;-9938.953;-9938.747;-4663.376;0.0;0.0;1838.2656
3792.755;9.812062e-05;-0.84543633;0.20158193;-9938.8955;-9938.694;-4662.8125;0.0;0.0;1838.2656
3792.76;0.00010012721;-0.8454308;0.20572478;-9938.916;-9938.71;-4662.7905;0.0;0.0;1838.2656
3792.765;9.813456e-05;-0.8454342;0.20164335;-9938.947;-9938.746;-4662.8013;0.0;0.0;1838.2656
3792.77;0.000100143756;-0.84542054;0.20579082;-9938.9795;-9938.773;-4662.734;0.0;0.0;1838.2656
3792.775;9.814998e-05;-0.84541047;0.20169987;-9938.96;-9938.758;-4662.6704;0.0;0.0;1838.2656
3792.78;0.0001001563;-0.84539694;0.20584184;-9938.934;-9938.728;-4662.604;0.0;0.0;1838.2656
3792.785;9.8161e-05;-0.8453629;0.20173407;-9938.945;-9938.743;-4662.408;0.0;0.0;1838.2656
3792.79;0.000100160214;-0.84542406;0.20586132;-9939.013;-9938.807;-4662.7534;0.0;0.0;1838.2656
3792.795;9.816568e-05;-0.84538144;0.2017444;-9938.994;-9938.792;-4662.5103;0.0;0.0;1838.2656
3792.8;0.00010016017;-0.8454008;0.20583658;-9939.047;-9938.841;-4662.6255;0.0;0.0;1838.2656
3792.805;9.815377e-05;-0.8454304;0.20173022;-9939.061;-9938.858;-4662.7803;0.0;0.0;1838.2656
3792.81;0.00010016478;-0.845421;0.20587465;-9939.107;-9938.901;-4662.737;0.0;0.0;1838.2656
3792.815;9.816795e-05;-0.84540313;0.2017642;-9939.078;-9938.876;-4662.63;0.0;0.0;1838.2656
3792.82;0.00010016704;-0.84539634;0.20589489;-9939.1;-9938.894;-4662.601;0.0;0.0;1838.2656
3792.825;9.817527e-05;-0.84537995;0.20179884;-9939.1;-9938.897;-4662.5024;0.0;0.0;1838.2656
3792.83;0.00010017709;-0.8453892;0.20591211;-9939.127;-9938.921;-4662.5615;0.0;0.0;1838.2656
3792.835;9.8172924e-05;-0.8453968;0.20177157;-9939.115;-9938.913;-4662.595;0.0;0.0;1838.2656
3792.84;0.000100165926;-0.84537464;0.2058533;-9939.092;-9938.886;-4662.4814;0.0;0.0;1838.2656
3792.845;9.815538e-05;-0.84535664;0.20173033;-9939.11;-9938.908;-4662.3735;0.0;0.0;1838.2656
3792.85;0.00010016212;-0.8453435;0.2058542;-9939.053;-9938.847;-4662.309;0.0;0.0;1838.2656
3792.855;9.815895e-05;-0.84532607;0.20171921;-9939.029;-9938.827;-4662.205;0.0;0.0;1838.2656
3792.86;0.000100152894;-0.84527564;0.20579298;-9939.025;-9938.819;-4661.935;0.0;0.0;1838.2656
3792.865;9.8137374e-05;-0.84533775;0.20163608;-9939.03;-9938.829;-4662.269;0.0;0.0;1838.2656
3792.87;0.000100132966;-0.845335;0.20572442;-9939.02;-9938.813;-4662.262;0.0;0.0;1838.2656
3792.875;9.812479e-05;-0.8452839;0.20157418;-9938.977;-9938.775;-4661.972;0.0;0.0;1838.2656
3792.88;0.00010011458;-0.8452768;0.20566313;-9938.889;-9938.683;-4661.941;0.0;0.0;1838.2656
3792.885;9.811243e-05;-0.8452427;0.201529;-9938.887;-9938.686;-4661.7446;0.0;0.0;1838.2656
3792.89;0.00010010455;-0.84525955;0.20559272;-9938.898;-9938.692;-4661.8457;0.0;0.0;1838.2656
3792.895;9.8088225e-05;-0.84523565;0.20142311;-9938.877;-9938.676;-4661.706;0.0;0.0;1838.2656
3792.9;0.000100077756;-0.845278;0.20548621;-9938.919;-9938.714;-4661.9478;0.0;0.0;1838.2656
3792.905;9.806418e-05;-0.84529674;0.20131654;-9938.932;-9938.73;-4662.0425;0.0;0.0;1838.2656
3792.91;0.000100050434;-0.84533626;0.2053833;-9938.942;-9938.737;-4662.2686;0.0;0.0;1838.2656
3792.915;9.8043645e-05;-0.8453639;0.20122865;-9938.98;-9938.779;-4662.4126;0.0;0.0;1838.2656
3792.92;0.00010002982;-0.8453462;0.2053017;-9938.979;-9938.773;-4662.323;0.0;0.0;1838.2656
3792.925;9.8025776e-05;-0.8453926;0.20119368;-9939.032;-9938.831;-4662.571;0.0;0.0;1838.2656
3792.93;0.00010003255;-0.84540445;0.20531008;-9939.095;-9938.89;-4662.6445;0.0;0.0;1838.2656
3792.935;9.8029006e-05;-0.84544736;0.20119226;-9939.124;-9938.923;-4662.873;0.0;0.0;1838.2656
3792.94;0.000100030324;-0.84547234;0.20530945;-9939.172;-9938.967;-4663.019;0.0;0.0;1838.2656
3792.945;9.8033604e-05;-0.84545773;0.20122838;-9939.135;-9938.934;-4662.93;0.0;0.0;1838.2656
3792.95;0.000100046076;-0.8454267;0.20538965;-9939.084;-9938.879;-4662.767;0.0;0.0;1838.2656
3792.955;9.805779e-05;-0.8454411;0.20132416;-9939.099;-9938.897;-4662.839;0.0;0.0;1838.2656
3792.96;0.00010006988;-0.84547895;0.2054824;-9939.124;-9938.919;-4663.0557;0.0;0.0;1838.2656
3792.965;9.808038e-05;-0.84552824;0.20143297;-9939.142;-9938.94;-4663.3193;0.0;0.0;1838.2656
3792.97;0.000100102254;-0.8454846;0.20560834;-9939.125;-9938.919;-4663.0874;0.0;0.0;1838.2656
3792.975;9.8109726e-05;-0.8454993;0.20154798;-9939.123;-9938.922;-4663.1597;0.0;0.0;1838.2656
3792.98;0.000100129255;-0.8454943;0.2057539;-9939.124;-9938.918;-4663.1406;0.0;0.0;1838.2656
3792.985;9.8153985e-05;-0.8454901;0.20171516;-9939.074;-9938.872;-4663.1094;0.0;0.0;1838.2656
3792.99;0.00010016683;-0.8454657;0.2059021;-9939.094;-9938.888;-4662.9834;0.0;0.0;1838.2656
3792.995;9.818765e-05;-0.84546715;0.20185345;-9939.074;-9938.872;-4662.9834;0.0;0.0;1838.2656
3793.0;0.00010020017;-0.845474;0.20602304;-9939.074;-9938.868;-4663.0293;0.0;0.0;1838.2656
3793.005;9.821174e-05;-0.84542084;0.20198219;-9939.03;-9938.828;-4662.728;0.0;0.0;1838.2656
3793.01;0.00010023898;-0.84542394;0.20616484;-9939.036;-9938.83;-4662.7534;0.0;0.0;1838.2656
3793.015;9.82413e-05;-0.84542537;0.20208363;-9939.049;-9938.847;-4662.7534;0.0;0.0;1838.2656
3793.02;0.0001002573;-0.845455;0.20625962;-9939.04;-9938.834;-4662.9253;0.0;0.0;1838.2656
3793.025;9.8267774e-05;-0.84545046;0.20219395;-9939.074;-9938.872;-4662.892;0.0;0.0;1838.2656
3793.03;0.00010028373;-0.84541875;0.20636442;-9939.043;-9938.837;-4662.7256;0.0;0.0;1838.2656
3793.035;9.82908e-05;-0.8454498;0.20228887;-9939.078;-9938.876;-4662.8887;0.0;0.0;1838.2656
3793.04;0.00010030561;-0.84545153;0.20646977;-9939.098;-9938.892;-4662.9062;0.0;0.0;1838.2656
3793.045;9.831792e-05;-0.8454536;0.20238525;-9939.131;-9938.929;-4662.9097;0.0;0.0;1838.2656
3793.05;0.0001003234;-0.84543526;0.20652471;-9939.129;-9938.923;-4662.817;0.0;0.0;1838.2656
3793.055;9.8324505e-05;-0.8453742;0.20240366;-9939.06;-9938.857;-4662.472;0.0;0.0;1838.2656
3793.06;0.00010032335;-0.8453867;0.20652825;-9939.065;-9938.859;-4662.549;0.0;0.0;1838.2656
3793.065;9.832402e-05;-0.8453422;0.20240152;-9939.04;-9938.838;-4662.2954;0.0;0.0;1838.2656
3793.07;0.0001003206;-0.84540176;0.20650311;-9939.066;-9938.86;-4662.632;0.0;0.0;1838.2656
3793.075;9.8311764e-05;-0.8453412;0.20234673;-9939.041;-9938.839;-4662.2896;0.0;0.0;1838.2656
3793.08;0.00010030257;-0.84526825;0.20640819;-9938.982;-9938.776;-4661.8955;0.0;0.0;1838.2656
3793.085;9.8281365e-05;-0.8452972;0.20220384;-9939.0;-9938.798;-4662.047;0.0;0.0;1838.2656
3793.09;0.0001002614;-0.84532243;0.20624654;-9939.005;-9938.799;-4662.194;0.0;0.0;1838.2656
3793.095;9.8241515e-05;-0.845253;0.20204303;-9938.951;-9938.749;-4661.8027;0.0;0.0;1838.2656
3793.1;0.00010022056;-0.84525716;0.20605282;-9939.003;-9938.797;-4661.834;0.0;0.0;1838.2656
3793.105;9.818815e-05;-0.8452669;0.20181924;-9939.047;-9938.845;-4661.879;0.0;0.0;1838.2656
3793.11;0.00010016325;-0.8452692;0.20581946;-9939.08;-9938.874;-4661.9;0.0;0.0;1838.2656
3793.115;9.8132405e-05;-0.84527206;0.20158449;-9939.098;-9938.896;-4661.9067;0.0;0.0;1838.2656
3793.12;0.000100104655;-0.845263;0.20558673;-9939.088;-9938.882;-4661.865;0.0;0.0;1838.2656
3793.125;9.807882e-05;-0.845217;0.20137608;-9939.063;-9938.862;-4661.603;0.0;0.0;1838.2656
3793.13;0.00010005806;-0.84528327;0.20540503;-9939.152;-9938.947;-4661.9766;0.0;0.0;1838.2656
3793.135;9.803925e-05;-0.84528023;0.20121;-9939.148;-9938.947;-4661.951;0.0;0.0;1838.2656
3793.14;0.00010001874;-0.84526217;0.20525955;-9939.148;-9938.943;-4661.86;0.0;0.0;1838.2656
3793.145;9.801118e-05;-0.84522074;0.2011088;-9939.127;-9938.926;-4661.623;0.0;0.0;1838.2656
3793.15;0.00010000072;-0.84522283;0.20519495;-9939.143;-9938.9375;-4661.6426;0.0;0.0;1838.2656
3793.155;9.80008e-05;-0.84519935;0.20109722;-9939.096;-9938.895;-4661.505;0.0;0.0;1838.2656
3793.16;0.00010000788;-0.8451485;0.2052097;-9939.119;-9938.914;-4661.2324;0.0;0.0;1838.2656
3793.165;9.800337e-05;-0.84523326;0.20111257;-9939.177;-9938.976;-4661.692;0.0;0.0;1838.2656
3793.17;0.0001000162;-0.8452292;0.20527762;-9939.175;-9938.97;-4661.6777;0.0;0.0;1838.2656
3793.175;9.8030636e-05;-0.84521544;0.2012144;-9939.174;-9938.973;-4661.5938;0.0;0.0;1838.2656
3793.18;0.000100041;-0.8451827;0.20538631;-9939.154;-9938.949;-4661.422;0.0;0.0;1838.2656
3793.185;9.8059994e-05;-0.8452158;0.20133682;-9939.177;-9938.976;-4661.596;0.0;0.0;1838.2656
3793.19;0.000100072044;-0.84523803;0.20550227;-9939.18;-9938.975;-4661.727;0.0;0.0;1838.2656
3793.195;9.8085206e-05;-0.8452156;0.20146239;-9939.168;-9938.967;-4661.595;0.0;0.0;1838.2656
3793.2;0.00010010812;-0.8451902;0.2056329;-9939.154;-9938.948;-4661.4634;0.0;0.0;1838.2656
3793.205;9.8111836e-05;-0.8451883;0.20154464;-9939.127;-9938.926;-4661.445;0.0;0.0;1838.2656
3793.21;0.00010011988;-0.84519476;0.20569482;-9939.147;-9938.941;-4661.489;0.0;0.0;1838.2656
3793.215;9.812838e-05;-0.8451806;0.201602;-9939.108;-9938.907;-4661.4023;0.0;0.0;1838.2656
3793.22;0.00010013103;-0.8451502;0.2057264;-9939.05;-9938.844;-4661.243;0.0;0.0;1838.2656
3793.225;9.813117e-05;-0.8451684;0.20160651;-9939.074;-9938.873;-4661.3354;0.0;0.0;1838.2656
3793.23;0.00010012834;-0.84516186;0.20570986;-9939.089;-9938.883;-4661.3076;0.0;0.0;1838.2656
3793.235;9.8125245e-05;-0.84524053;0.20157284;-9939.159;-9938.958;-4661.733;0.0;0.0;1838.2656
3793.24;0.00010011761;-0.8452742;0.2056735;-9939.179;-9938.973;-4661.9272;0.0;0.0;1838.2656
3793.245;9.8118166e-05;-0.8452372;0.20153652;-9939.133;-9938.932;-4661.7144;0.0;0.0;1838.2656
3793.25;0.0001001068;-0.8452532;0.2056188;-9939.147;-9938.941;-4661.811;0.0;0.0;1838.2656
3793.255;9.810313e-05;-0.84527206;0.2014814;-9939.178;-9938.977;-4661.9067;0.0;0.0;1838.2656
3793.26;0.00010009599;-0.84524554;0.2055791;-9939.112;-9938.906;-4661.7686;0.0;0.0;1838.2656
3793.265;9.809553e-05;-0.8452559;0.20147048;-9939.143;-9938.941;-4661.818;0.0;0.0;1838.2656
3793.27;0.00010009891;-0.8452637;0.2055934;-9939.092;-9938.886;-4661.8687;0.0;0.0;1838.2656
3793.275;9.81006e-05;-0.8452911;0.20147663;-9939.095;-9938.894;-4662.0117;0.0;0.0;1838.2656
3793.28;0.00010009958;-0.8453114;0.2056155;-9939.107;-9938.901;-4662.132;0.0;0.0;1838.2656
3793.285;9.8113676e-05;-0.84531325;0.20154893;-9939.098;-9938.896;-4662.1343;0.0;0.0;1838.2656
3793.29;0.00010012375;-0.8452893;0.20572281;-9939.041;-9938.835;-4662.0103;0.0;0.0;1838.2656
3793.295;9.8142176e-05;-0.8452304;0.20167302;-9938.977;-9938.774;-4661.6772;0.0;0.0;1838.2656
3793.3;0.00010015696;-0.8452619;0.2058666;-9938.918;-9938.712;-4661.8594;0.0;0.0;1838.2656
3793.305;9.818006e-05;-0.845238;0.20183122;-9938.94;-9938.738;-4661.719;0.0;0.0;1838.2656
3793.31;0.000100196965;-0.8453008;0.20601876;-9938.961;-9938.755;-4662.074;0.0;0.0;1838.2656
3793.315;9.821383e-05;-0.84531033;0.20198238;-9938.946;-9938.744;-4662.1187;0.0;0.0;1838.2656
3793.32;0.00010023719;-0.84532505;0.20620483;-9938.974;-9938.768;-4662.2085;0.0;0.0;1838.2656
3793.325;9.826276e-05;-0.8453697;0.20218188;-9938.966;-9938.764;-4662.4463;0.0;0.0;1838.2656
3793.33;0.00010028344;-0.8453835;0.2063776;-9938.998;-9938.792;-4662.5312;0.0;0.0;1838.2656
3793.335;9.829798e-05;-0.8454407;0.20232177;-9939.046;-9938.844;-4662.8384;0.0;0.0;1838.2656
3793.34;0.0001003157;-0.8454142;0.20649952;-9939.03;-9938.824;-4662.7007;0.0;0.0;1838.2656
3793.345;9.8322605e-05;-0.8454472;0.20239927;-9939.046;-9938.844;-4662.8745;0.0;0.0;1838.2656
3793.35;0.000100326324;-0.84543824;0.2065431;-9939.045;-9938.838;-4662.833;0.0;0.0;1838.2656
3793.355;9.83312e-05;-0.84544003;0.20245503;-9939.046;-9938.844;-4662.835;0.0;0.0;1838.2656
3793.36;0.00010034148;-0.84551275;0.20660415;-9939.101;-9938.894;-4663.244;0.0;0.0;1838.2656
3793.365;9.834222e-05;-0.8455283;0.20247687;-9939.101;-9938.898;-4663.322;0.0;0.0;1838.2656
3793.37;0.000100338795;-0.8455351;0.20657648;-9939.079;-9938.872;-4663.367;0.0;0.0;1838.2656
3793.375;9.832977e-05;-0.84553504;0.2024134;-9939.098;-9938.8955;-4663.359;0.0;0.0;1838.2656
3793.38;0.00010031834;-0.84556615;0.2065001;-9939.105;-9938.899;-4663.5386;0.0;0.0;1838.2656
3793.385;9.831115e-05;-0.8455712;0.20232657;-9939.114;-9938.912;-4663.558;0.0;0.0;1838.2656
3793.39;0.00010029223;-0.845605;0.20638692;-9939.134;-9938.928;-4663.7524;0.0;0.0;1838.2656
3793.395;9.828111e-05;-0.8455902;0.20221554;-9939.083;-9938.881;-4663.6626;0.0;0.0;1838.2656
3793.4;0.000100266705;-0.84555966;0.20627731;-9939.078;-9938.872;-4663.502;0.0;0.0;1838.2656
3793.405;9.825245e-05;-0.8455708;0.2020885;-9939.064;-9938.862;-4663.5557;0.0;0.0;1838.2656
3793.41;0.00010023223;-0.8456333;0.20615456;-9939.102;-9938.8955;-4663.908;0.0;0.0;1838.2656
3793.415;9.8226315e-05;-0.845602;0.20198;-9939.04;-9938.838;-4663.727;0.0;0.0;1838.2656
3793.42;0.00010020506;-0.8455873;0.20602068;-9939.005;-9938.799;-4663.6543;0.0;0.0;1838.2656
3793.425;9.818735e-05;-0.84561455;0.20182681;-9939.055;-9938.853;-4663.7964;0.0;0.0;1838.2656
3793.43;0.000100168174;-0.8456379;0.20586824;-9939.041;-9938.835;-4663.933;0.0;0.0;1838.2656
3793.435;9.815007e-05;-0.8455948;0.20168872;-9939.001;-9938.799;-4663.687;0.0;0.0;1838.2656
3793.44;0.00010013754;-0.8456247;0.2057249;-9938.988;-9938.782;-4663.86;0.0;0.0;1838.2656
3793.445;9.811239e-05;-0.8456747;0.20151182;-9939.031;-9938.83;-4664.127;0.0;0.0;1838.2656
3793.45;0.000100089244;-0.84566575;0.20554848;-9939.0205;-9938.815;-4664.086;0.0;0.0;1838.2656
3793.455;9.807494e-05;-0.8456772;0.20135766;-9939.042;-9938.841;-4664.1406;0.0;0.0;1838.2656
3793.46;0.00010005149;-0.8456746;0.20538647;-9939.02;-9938.814;-4664.1343;0.0;0.0;1838.2656
3793.465;9.803577e-05;-0.84568506;0.2012203;-9939.0205;-9938.819;-4664.1836;0.0;0.0;1838.2656
3793.47;0.000100024765;-0.84569067;0.20527801;-9939.035;-9938.83;-4664.2227;0.0;0.0;1838.2656
3793.475;9.8011325e-05;-0.84571683;0.20110726;-9939.049;-9938.848;-4664.359;0.0;0.0;1838.2656
3793.48;9.999668e-05;-0.8457641;0.2051777;-9939.07;-9938.865;-4664.6274;0.0;0.0;1838.2656
3793.485;9.799282e-05;-0.8457468;0.20103905;-9939.066;-9938.865;-4664.524;0.0;0.0;1838.2656
3793.49;9.998337e-05;-0.8458152;0.20512912;-9939.145;-9938.939;-4664.909;0.0;0.0;1838.2656
3793.495;9.7984885e-05;-0.8457916;0.20103037;-9939.145;-9938.943;-4664.7705;0.0;0.0;1838.2656
3793.5;9.998985e-05;-0.8458368;0.20515507;-9939.18;-9938.975;-4665.029;0.0;0.0;1838.2656
3793.505;9.7993034e-05;-0.84582406;0.20105767;-9939.16;-9938.959;-4664.95;0.0;0.0;1838.2656
3793.51;9.9997305e-05;-0.84584785;0.20518568;-9939.158;-9938.953;-4665.0894;0.0;0.0;1838.2656
3793.515;9.8002696e-05;-0.84584975;0.20109992;-9939.161;-9938.96;-4665.092;0.0;0.0;1838.2656
3793.52;0.00010001024;-0.84587973;0.20525423;-9939.161;-9938.956;-4665.2656;0.0;0.0;1838.2656
3793.525;9.802463e-05;-0.8459031;0.20121038;-9939.192;-9938.991;-4665.386;0.0;0.0;1838.2656
3793.53;0.0001000444;-0.84592855;0.20538315;-9939.185;-9938.9795;-4665.535;0.0;0.0;1838.2656
3793.535;9.8054974e-05;-0.84594476;0.20133285;-9939.189;-9938.988;-4665.616;0.0;0.0;1838.2656
3793.54;0.0001000746;-0.8459276;0.20550871;-9939.209;-9939.004;-4665.53;0.0;0.0;1838.2656
3793.545;9.8085104e-05;-0.8459587;0.20144597;-9939.191;-9938.99;-4665.6934;0.0;0.0;1838.2656
3793.55;0.00010009999;-0.84596646;0.205609;-9939.191;-9938.985;-4665.744;0.0;0.0;1838.2656
3793.555;9.81088e-05;-0.8459312;0.20154202;-9939.171;-9938.97;-4665.5415;0.0;0.0;1838.2656
3793.56;0.000100122365;-0.845949;0.20569631;-9939.166;-9938.96;-4665.6484;0.0;0.0;1838.2656
3793.565;9.812839e-05;-0.8459682;0.20161386;-9939.205;-9939.004;-4665.746;0.0;0.0;1838.2656
3793.57;0.000100137455;-0.84601283;0.20575821;-9939.209;-9939.003;-4666.0005;0.0;0.0;1838.2656
3793.575;9.8141274e-05;-0.84605086;0.20166166;-9939.276;-9939.074;-4666.202;0.0;0.0;1838.2656
3793.58;0.00010014647;-0.8460801;0.20579112;-9939.309;-9939.103;-4666.3716;0.0;0.0;1838.2656
3793.585;9.8147604e-05;-0.84606314;0.20167042;-9939.256;-9939.054;-4666.2695;0.0;0.0;1838.2656
3793.59;0.00010014292;-0.84606594;0.2057811;-9939.266;-9939.06;-4666.2935;0.0;0.0;1838.2656
3793.595;9.8145e-05;-0.8460837;0.20166114;-9939.221;-9939.019;-4666.383;0.0;0.0;1838.2656
3793.6;0.000100141;-0.8460902;0.20575537;-9939.232;-9939.026;-4666.4272;0.0;0.0;1838.2656
3793.605;9.813484e-05;-0.84613276;0.20161358;-9939.256;-9939.055;-4666.6533;0.0;0.0;1838.2656
3793.61;0.00010012719;-0.8461204;0.20568839;-9939.283;-9939.077;-4666.5938;0.0;0.0;1838.2656
3793.615;9.8115896e-05;-0.8461623;0.20154943;-9939.288;-9939.087;-4666.8164;0.0;0.0;1838.2656
3793.62;0.00010011486;-0.8461899;0.20563814;-9939.309;-9939.103;-4666.977;0.0;0.0;1838.2656
3793.625;9.810457e-05;-0.84619635;0.20147416;-9939.339;-9939.138;-4667.004;0.0;0.0;1838.2656
3793.63;0.000100089674;-0.8462203;0.20555523;-9939.367;-9939.162;-4667.1445;0.0;0.0;1838.2656
3793.635;9.809029e-05;-0.8462219;0.20145142;-9939.367;-9939.166;-4667.145;0.0;0.0;1838.2656
3793.64;0.00010009493;-0.8462342;0.20558944;-9939.322;-9939.116;-4667.2207;0.0;0.0;1838.2656
3793.645;9.810274e-05;-0.8461718;0.20147234;-9939.235;-9939.034;-4666.8687;0.0;0.0;1838.2656
3793.65;0.0001000931;-0.84617317;0.20555857;-9939.178;-9938.973;-4666.8843;0.0;0.0;1838.2656
3793.655;9.809073e-05;-0.84618276;0.20146714;-9939.191;-9938.99;-4666.9287;0.0;0.0;1838.2656
3793.66;0.00010010474;-0.84614605;0.205619;-9939.174;-9938.968;-4666.735;0.0;0.0;1838.2656
3793.665;9.810938e-05;-0.8461997;0.20155138;-9939.177;-9938.976;-4667.0225;0.0;0.0;1838.2656
3793.67;0.00010012849;-0.8462142;0.20571324;-9939.207;-9939.001;-4667.1104;0.0;0.0;1838.2656
3793.675;9.8131415e-05;-0.8462243;0.2016164;-9939.191;-9938.99;-4667.1587;0.0;0.0;1838.2656
3793.68;0.00010013857;-0.84622186;0.20578495;-9939.201;-9938.995;-4667.1533;0.0;0.0;1838.2656
3793.685;9.815623e-05;-0.8462311;0.20169668;-9939.206;-9939.004;-4667.196;0.0;0.0;1838.2656
3793.69;0.000100152865;-0.846227;0.2058256;-9939.19;-9938.984;-4667.1816;0.0;0.0;1838.2656
3793.695;9.8161836e-05;-0.8462629;0.20175494;-9939.194;-9938.992;-4667.371;0.0;0.0;1838.2656
3793.7;0.000100174715;-0.84623146;0.20591779;-9939.174;-9938.968;-4667.2065;0.0;0.0;1838.2656
3793.705;9.818453e-05;-0.8462547;0.2018462;-9939.19;-9938.988;-4667.3267;0.0;0.0;1838.2656
3793.71;0.00010019642;-0.84626985;0.20599589;-9939.225;-9939.019;-4667.4185;0.0;0.0;1838.2656
3793.715;9.819956e-05;-0.8462633;0.20189728;-9939.219;-9939.017;-4667.374;0.0;0.0;1838.2656
3793.72;0.00010020523;-0.8462395;0.2060285;-9939.232;-9939.026;-4667.251;0.0;0.0;1838.2656
3793.725;9.820544e-05;-0.84632415;0.20189989;-9939.277;-9939.075;-4667.7095;0.0;0.0;1838.2656
3793.73;0.00010019935;-0.84627414;0.2060068;-9939.271;-9939.065;-4667.442;0.0;0.0;1838.2656
3793.735;9.819912e-05;-0.8462915;0.20188509;-9939.308;-9939.105;-4667.5293;0.0;0.0;1838.2656
3793.74;0.000100197525;-0.8462709;0.20599301;-9939.272;-9939.066;-4667.4243;0.0;0.0;1838.2656
3793.745;9.819307e-05;-0.84625685;0.20184901;-9939.254;-9939.052;-4667.3384;0.0;0.0;1838.2656
3793.75;0.0001001847;-0.8462592;0.20592953;-9939.257;-9939.051;-4667.3594;0.0;0.0;1838.2656
3793.755;9.817458e-05;-0.8462749;0.20179665;-9939.211;-9939.009;-4667.438;0.0;0.0;1838.2656
3793.76;0.00010017723;-0.8462411;0.2058928;-9939.209;-9939.003;-4667.26;0.0;0.0;1838.2656
3793.765;9.816347e-05;-0.84619313;0.20173502;-9939.197;-9938.995;-4666.987;0.0;0.0;1838.2656
3793.77;0.00010015692;-0.84625536;0.2058039;-9939.244;-9939.038;-4667.338;0.0;0.0;1838.2656
3793.775;9.8140605e-05;-0.84624636;0.2016267;-9939.2705;-9939.069;-4667.2803;0.0;0.0;1838.2656
3793.78;0.000100127334;-0.84619355;0.20568597;-9939.252;-9939.046;-4666.9966;0.0;0.0;1838.2656
3793.785;9.811442e-05;-0.84620506;0.20153621;-9939.256;-9939.055;-4667.052;0.0;0.0;1838.2656
3793.79;0.00010011046;-0.8461856;0.20561352;-9939.238;-9939.032;-4666.953;0.0;0.0;1838.2656
3793.795;9.809728e-05;-0.84618866;0.20146854;-9939.288;-9939.087;-4666.9614;0.0;0.0;1838.2656
3793.8;0.00010009588;-0.8461623;0.20556386;-9939.289;-9939.084;-4666.824;0.0;0.0;1838.2656
3793.805;9.808811e-05;-0.84611654;0.2014459;-9939.252;-9939.051;-4666.5635;0.0;0.0;1838.2656
3793.81;0.00010009497;-0.8461359;0.20558381;-9939.239;-9939.033;-4666.679;0.0;0.0;1838.2656
3793.815;9.810095e-05;-0.8461159;0.20148733;-9939.251;-9939.05;-4666.56;0.0;0.0;1838.2656
3793.82;0.000100103614;-0.8460741;0.2056197;-9939.217;-9939.011;-4666.3384;0.0;0.0;1838.2656
3793.825;9.811066e-05;-0.84606737;0.20154181;-9939.211;-9939.01;-4666.2925;0.0;0.0;1838.2656
3793.83;0.00010012179;-0.8460431;0.20569372;-9939.237;-9939.031;-4666.167;0.0;0.0;1838.2656
3793.835;9.8129814e-05;-0.84604204;0.20162794;-9939.222;-9939.0205;-4666.1533;0.0;0.0;1838.2656
3793.84;0.000100146324;-0.8460485;0.20579763;-9939.271;-9939.065;-4666.197;0.0;0.0;1838.2656
3793.845;9.815628e-05;-0.8460257;0.20174386;-9939.318;-9939.116;-4666.0635;0.0;0.0;1838.2656
3793.85;0.00010017716;-0.8460247;0.20592321;-9939.291;-9939.085;-4666.066;0.0;0.0;1838.2656
3793.855;9.8186676e-05;-0.84598196;0.20186561;-9939.273;-9939.071;-4665.8228;0.0;0.0;1838.2656
3793.86;0.00010020642;-0.84592366;0.2060706;-9939.21;-9939.004;-4665.5093;0.0;0.0;1838.2656
3793.865;9.822777e-05;-0.8458964;0.20203075;-9939.174;-9938.972;-4665.351;0.0;0.0;1838.2656
3793.87;0.00010024453;-0.84580725;0.20620127;-9939.107;-9938.901;-4664.8677;0.0;0.0;1838.2656
3793.875;9.825162e-05;-0.8458248;0.2021145;-9939.098;-9938.8955;-4664.956;0.0;0.0;1838.2656
3793.88;0.000100260586;-0.8457896;0.2062675;-9939.131;-9938.925;-4664.7705;0.0;0.0;1838.2656
3793.885;9.826633e-05;-0.8457686;0.20218262;-9939.127;-9938.925;-4664.646;0.0;0.0;1838.2656
3793.89;0.00010027715;-0.8457498;0.20634782;-9939.126;-9938.92;-4664.5513;0.0;0.0;1838.2656
3793.895;9.828661e-05;-0.8457019;0.20224512;-9939.082;-9938.88;-4664.279;0.0;0.0;1838.2656
3793.9;0.0001002858;-0.8456995;0.20637012;-9939.084;-9938.878;-4664.274;0.0;0.0;1838.2656
3793.905;9.8286684e-05;-0.84562683;0.20225532;-9939.03;-9938.828;-4663.8647;0.0;0.0;1838.2656
3793.91;0.0001002888;-0.84563226;0.20637995;-9939.078;-9938.872;-4663.903;0.0;0.0;1838.2656
3793.915;9.828704e-05;-0.84561354;0.20224084;-9939.073;-9938.871;-4663.7915;0.0;0.0;1838.2656
3793.92;0.0001002797;-0.84562033;0.20634061;-9939.086;-9938.88;-4663.837;0.0;0.0;1838.2656
3793.925;9.827576e-05;-0.8456096;0.20219429;-9939.131;-9938.929;-4663.7695;0.0;0.0;1838.2656
3793.93;0.00010026728;-0.8456147;0.20628881;-9939.149;-9938.943;-4663.8057;0.0;0.0;1838.2656
3793.935;9.8261946e-05;-0.8456049;0.20213297;-9939.166;-9938.964;-4663.7437;0.0;0.0;1838.2656
3793.94;0.00010024948;-0.84555817;0.20621996;-9939.128;-9938.922;-4663.4937;0.0;0.0;1838.2656
3793.945;9.824522e-05;-0.84553885;0.20206419;-9939.164;-9938.962;-4663.3794;0.0;0.0;1838.2656
3793.95;0.00010023193;-0.84555966;0.20616445;-9939.185;-9938.979;-4663.502;0.0;0.0;1838.2656
3793.955;9.823449e-05;-0.84552205;0.20203057;-9939.18;-9938.978;-4663.2866;0.0;0.0;1838.2656
3793.96;0.00010022528;-0.84552515;0.20609656;-9939.198;-9938.992;-4663.3115;0.0;0.0;1838.2656
3793.965;9.8207434e-05;-0.8454781;0.20191744;-9939.144;-9938.941;-4663.044;0.0;0.0;1838.2656
3793.97;0.000100195946;-0.8454777;0.20599443;-9939.152;-9938.946;-4663.05;0.0;0.0;1838.2656
3793.975;9.818724e-05;-0.8455068;0.201846;-9939.168;-9938.966;-4663.202;0.0;0.0;1838.2656
3793.98;0.00010018068;-0.8454613;0.2059159;-9939.186;-9938.9795;-4662.9595;0.0;0.0;1838.2656
3793.985;9.816413e-05;-0.84544957;0.20174986;-9939.136;-9938.934;-4662.886;0.0;0.0;1838.2656
3793.99;0.00010015664;-0.8454566;0.20583797;-9939.17;-9938.964;-4662.933;0.0;0.0;1838.2656
3793.995;9.8149605e-05;-0.8454525;0.20166513;-9939.166;-9938.964;-4662.902;0.0;0.0;1838.2656
3794.0;0.000100129255;-0.84542066;0.20569816;-9939.184;-9938.978;-4662.7344;0.0;0.0;1838.2656
3794.005;9.810975e-05;-0.8454018;0.2015207;-9939.152;-9938.951;-4662.622;0.0;0.0;1838.2656
3794.01;0.00010009855;-0.8453798;0.2055768;-9939.119;-9938.913;-4662.5093;0.0;0.0;1838.2656
3794.015;9.808205e-05;-0.8453712;0.20138517;-9939.117;-9938.916;-4662.453;0.0;0.0;1838.2656
3794.02;0.000100060555;-0.8453572;0.20541081;-9939.1045;-9938.899;-4662.3843;0.0;0.0;1838.2656
3794.025;9.803974e-05;-0.8453507;0.20122182;-9939.119;-9938.918;-4662.34;0.0;0.0;1838.2656
3794.03;0.000100023644;-0.84532094;0.20527424;-9939.115;-9938.91;-4662.1836;0.0;0.0;1838.2656
3794.035;9.80119e-05;-0.8453391;0.20111108;-9939.145;-9938.943;-4662.276;0.0;0.0;1838.2656
3794.04;9.999864e-05;-0.8453668;0.20516127;-9939.15;-9938.945;-4662.4365;0.0;0.0;1838.2656
3794.045;9.798352e-05;-0.8453152;0.20099494;-9939.146;-9938.945;-4662.144;0.0;0.0;1838.2656
3794.05;9.997205e-05;-0.84531605;0.20505798;-9939.132;-9938.927;-4662.1562;0.0;0.0;1838.2656
3794.055;9.796196e-05;-0.84532243;0.20092489;-9939.182;-9938.98;-4662.183;0.0;0.0;1838.2656
3794.06;9.996154e-05;-0.8453286;0.20502673;-9939.209;-9939.004;-4662.2256;0.0;0.0;1838.2656
3794.065;9.7960045e-05;-0.84532374;0.20089763;-9939.215;-9939.014;-4662.1904;0.0;0.0;1838.2656
3794.07;9.9952595e-05;-0.8453314;0.20498888;-9939.209;-9939.004;-4662.2407;0.0;0.0;1838.2656
3794.075;9.79526e-05;-0.8452765;0.20087397;-9939.154;-9938.953;-4661.9297;0.0;0.0;1838.2656
3794.08;9.9950594e-05;-0.8452915;0.20499048;-9939.139;-9938.934;-4662.021;0.0;0.0;1838.2656
3794.085;9.795805e-05;-0.84527326;0.2009325;-9939.092;-9938.891;-4661.912;0.0;0.0;1838.2656
3794.09;9.9977035e-05;-0.84521675;0.20510125;-9939.086;-9938.881;-4661.609;0.0;0.0;1838.2656
3794.095;9.798795e-05;-0.8452884;0.20103824;-9939.152;-9938.951;-4661.9956;0.0;0.0;1838.2656
3794.1;0.00010000058;-0.8452329;0.20519894;-9939.124;-9938.919;-4661.698;0.0;0.0;1838.2656
3794.105;9.8013916e-05;-0.8452381;0.2011576;-9939.108;-9938.907;-4661.7188;0.0;0.0;1838.2656
3794.11;0.00010003481;-0.8452448;0.2053421;-9939.135;-9938.93;-4661.764;0.0;0.0;1838.2656
3794.115;9.80504e-05;-0.84519553;0.20129618;-9939.104;-9938.902;-4661.4844;0.0;0.0;1838.2656
3794.12;0.00010006757;-0.8451773;0.20549984;-9939.1;-9938.895;-4661.392;0.0;0.0;1838.2656
3794.125;9.809497e-05;-0.8452572;0.20147261;-9939.137;-9938.936;-4661.8247;0.0;0.0;1838.2656
3794.13;0.00010011008;-0.84513754;0.20568083;-9939.033;-9938.827;-4661.1733;0.0;0.0;1838.2656
3794.135;9.813956e-05;-0.84518474;0.20167455;-9939.086;-9938.884;-4661.426;0.0;0.0;1838.2656
3794.14;0.00010016368;-0.8451923;0.20588863;-9939.104;-9938.897;-4661.4756;0.0;0.0;1838.2656
3794.145;9.818679e-05;-0.8451887;0.20185672;-9939.119;-9938.917;-4661.4478;0.0;0.0;1838.2656
3794.15;0.000100204925;-0.84517306;0.20605655;-9939.08;-9938.874;-4661.37;0.0;0.0;1838.2656
3794.155;9.822607e-05;-0.84519565;0.20199867;-9939.084;-9938.882;-4661.4863;0.0;0.0;1838.2656
3794.16;0.00010023359;-0.84520304;0.20616889;-9939.061;-9938.8545;-4661.5356;0.0;0.0;1838.2656
3794.165;9.824999e-05;-0.8451266;0.20211866;-9939.051;-9938.849;-4661.106;0.0;0.0;1838.2656
3794.17;0.00010026624;-0.84514785;0.20628396;-9939.043;-9938.837;-4661.231;0.0;0.0;1838.2656
3794.175;9.827087e-05;-0.8451868;0.20218623;-9939.119;-9938.917;-4661.438;0.0;0.0;1838.2656
3794.18;0.000100276426;-0.84522444;0.20634204;-9939.157;-9938.951;-4661.654;0.0;0.0;1838.2656
3794.185;9.828623e-05;-0.84520876;0.20222859;-9939.166;-9938.964;-4661.559;0.0;0.0;1838.2656
3794.19;0.00010027947;-0.8452653;0.20633903;-9939.182;-9938.976;-4661.8794;0.0;0.0;1838.2656
3794.195;9.827921e-05;-0.84524715;0.2022056;-9939.209;-9939.007;-4661.771;0.0;0.0;1838.2656
3794.2;0.000100273624;-0.84525496;0.2062846;-9939.195;-9938.989;-4661.8223;0.0;0.0;1838.2656
3794.205;9.825763e-05;-0.84523135;0.20211478;-9939.169;-9938.967;-4661.683;0.0;0.0;1838.2656
3794.21;0.000100249104;-0.8452494;0.20620587;-9939.156;-9938.95;-4661.791;0.0;0.0;1838.2656
3794.215;9.824275e-05;-0.8452621;0.20204858;-9939.202;-9939.0;-4661.853;0.0;0.0;1838.2656
3794.22;0.000100230696;-0.8452805;0.20612773;-9939.219;-9939.013;-4661.963;0.0;0.0;1838.2656
3794.225;9.822299e-05;-0.845259;0.20198469;-9939.194;-9938.992;-4661.836;0.0;0.0;1838.2656
3794.23;0.00010021916;-0.8452867;0.20607406;-9939.227;-9939.0205;-4661.9966;0.0;0.0;1838.2656
3794.235;9.8208555e-05;-0.8452754;0.20191169;-9939.174;-9938.972;-4661.9263;0.0;0.0;1838.2656
3794.24;0.000100198224;-0.84532183;0.2059895;-9939.253;-9939.047;-4662.1904;0.0;0.0;1838.2656
3794.245;9.818912e-05;-0.84532636;0.20183837;-9939.285;-9939.083;-4662.2065;0.0;0.0;1838.2656
3794.25;0.00010018209;-0.84534943;0.20591754;-9939.24;-9939.034;-4662.3423;0.0;0.0;1838.2656
3794.255;9.817095e-05;-0.84532374;0.20177023;-9939.205;-9939.003;-4662.1924;0.0;0.0;1838.2656
3794.26;0.000100167075;-0.8453059;0.20589158;-9939.162;-9938.956;-4662.102;0.0;0.0;1838.2656
3794.265;9.817299e-05;-0.84534025;0.20177299;-9939.179;-9938.977;-4662.283;0.0;0.0;1838.2656
3794.27;0.00010016664;-0.8453234;0.20587352;-9939.146;-9938.94;-4662.1987;0.0;0.0;1838.2656
3794.275;9.816572e-05;-0.845354;0.20177554;-9939.181;-9938.979;-4662.359;0.0;0.0;1838.2656
3794.28;0.00010017651;-0.8453469;0.2059052;-9939.172;-9938.966;-4662.3286;0.0;0.0;1838.2656
3794.285;9.817124e-05;-0.8453942;0.2017819;-9939.179;-9938.977;-4662.5806;0.0;0.0;1838.2656
3794.29;0.000100173456;-0.84541166;0.20591809;-9939.211;-9939.005;-4662.6855;0.0;0.0;1838.2656
3794.295;9.818039e-05;-0.84542227;0.20182037;-9939.223;-9939.0205;-4662.736;0.0;0.0;1838.2656
3794.3;0.0001001831;-0.84545416;0.20592405;-9939.197;-9938.991;-4662.92;0.0;0.0;1838.2656
3794.305;9.817362e-05;-0.8454625;0.20180011;-9939.236;-9939.034;-4662.9575;0.0;0.0;1838.2656
3794.31;0.00010017887;-0.8454745;0.20593217;-9939.189;-9938.983;-4663.032;0.0;0.0;1838.2656
3794.315;9.818019e-05;-0.84544915;0.2018148;-9939.16;-9938.958;-4662.884;0.0;0.0;1838.2656
3794.32;0.00010017925;-0.84549576;0.20591968;-9939.148;-9938.942;-4663.149;0.0;0.0;1838.2656
3794.325;9.8173405e-05;-0.84550273;0.20180114;-9939.204;-9939.002;-4663.1797;0.0;0.0;1838.2656
3794.33;0.000100178564;-0.84552;0.205912;-9939.189;-9938.983;-4663.283;0.0;0.0;1838.2656
3794.335;9.816978e-05;-0.8455719;0.20175985;-9939.18;-9938.978;-4663.5605;0.0;0.0;1838.2656
3794.34;0.000100161036;-0.845579;0.20583668;-9939.247;-9939.041;-4663.6084;0.0;0.0;1838.2656
3794.345;9.8150515e-05;-0.84563905;0.20167845;-9939.219;-9939.017;-4663.931;0.0;0.0;1838.2656
3794.35;0.00010014054;-0.84562725;0.20575191;-9939.213;-9939.007;-4663.874;0.0;0.0;1838.2656
3794.355;9.813014e-05;-0.84562916;0.20159847;-9939.225;-9939.023;-4663.8765;0.0;0.0;1838.2656
3794.36;0.00010012106;-0.8456446;0.2056599;-9939.23;-9939.024;-4663.969;0.0;0.0;1838.2656
3794.365;9.810478e-05;-0.8456872;0.20148863;-9939.236;-9939.035;-4664.1963;0.0;0.0;1838.2656
3794.37;0.000100093304;-0.8456645;0.20556585;-9939.164;-9938.959;-4664.079;0.0;0.0;1838.2656
3794.375;9.808754e-05;-0.8456657;0.20143226;-9939.155;-9938.954;-4664.0776;0.0;0.0;1838.2656
3794.38;0.00010008381;-0.84561867;0.20553531;-9939.108;-9938.903;-4663.826;0.0;0.0;1838.2656
3794.385;9.8082586e-05;-0.845608;0.20138791;-9939.058;-9938.856;-4663.7593;0.0;0.0;1838.2656
3794.39;0.00010006764;-0.8455966;0.20546052;-9939.078;-9938.873;-4663.7046;0.0;0.0;1838.2656
3794.395;9.806312e-05;-0.8456727;0.20132239;-9939.096;-9938.895;-4664.1157;0.0;0.0;1838.2656
3794.4;0.00010005617;-0.84567845;0.20542641;-9939.125;-9938.92;-4664.156;0.0;0.0;1838.2656
3794.405;9.805972e-05;-0.8457153;0.20131324;-9939.181;-9938.9795;-4664.3506;0.0;0.0;1838.2656
3794.41;0.000100056684;-0.8457758;0.20543197;-9939.232;-9939.027;-4664.6924;0.0;0.0;1838.2656
3794.415;9.806387e-05;-0.84577566;0.20132816;-9939.23;-9939.029;-4664.6836;0.0;0.0;1838.2656
3794.42;0.00010006118;-0.8457291;0.20544867;-9939.17;-9938.965;-4664.435;0.0;0.0;1838.2656
3794.425;9.806815e-05;-0.84571886;0.20136645;-9939.144;-9938.942;-4664.3706;0.0;0.0;1838.2656
3794.43;0.00010007725;-0.8457243;0.20551658;-9939.141;-9938.936;-4664.4087;0.0;0.0;1838.2656
3794.435;9.8086886e-05;-0.8457181;0.201446;-9939.093;-9938.892;-4664.366;0.0;0.0;1838.2656
3794.44;0.00010009875;-0.84572035;0.20562217;-9939.082;-9938.876;-4664.387;0.0;0.0;1838.2656
3794.445;9.8118755e-05;-0.8456847;0.20158939;-9939.064;-9938.863;-4664.1826;0.0;0.0;1838.2656
3794.45;0.00010013799;-0.8456762;0.20576808;-9939.031;-9938.825;-4664.144;0.0;0.0;1838.2656
3794.455;9.814961e-05;-0.8456747;0.20170256;-9939.042;-9938.84;-4664.1274;0.0;0.0;1838.2656
3794.46;0.000100163226;-0.84568757;0.2058749;-9939.043;-9938.837;-4664.207;0.0;0.0;1838.2656
3794.465;9.817629e-05;-0.8456618;0.20182303;-9939.013;-9938.811;-4664.0566;0.0;0.0;1838.2656
3794.47;0.00010019555;-0.84565324;0.20600411;-9939.044;-9938.838;-4664.018;0.0;0.0;1838.2656
3794.475;9.8206634e-05;-0.8456701;0.20194544;-9939.029;-9938.827;-4664.1025;0.0;0.0;1838.2656
3794.48;0.00010022434;-0.84561056;0.20612557;-9938.981;-9938.775;-4663.7827;0.0;0.0;1838.2656
3794.485;9.8235876e-05;-0.8455983;0.202063;-9938.975;-9938.772;-4663.707;0.0;0.0;1838.2656
3794.49;0.00010025102;-0.8455804;0.20623529;-9938.96;-9938.754;-4663.6167;0.0;0.0;1838.2656
3794.495;9.826013e-05;-0.84556913;0.20215812;-9938.94;-9938.738;-4663.5464;0.0;0.0;1838.2656
3794.5;0.00010027121;-0.8455338;0.20630449;-9938.912;-9938.706;-4663.36;0.0;0.0;1838.2656
3794.505;9.827074e-05;-0.84552;0.20216909;-9938.908;-9938.706;-4663.2754;0.0;0.0;1838.2656
3794.51;0.00010026335;-0.8455562;0.20629016;-9938.963;-9938.757;-4663.4834;0.0;0.0;1838.2656
3794.515;9.826948e-05;-0.8455661;0.20215839;-9938.953;-9938.751;-4663.5293;0.0;0.0;1838.2656
3794.52;0.00010025678;-0.8455558;0.20622207;-9938.928;-9938.722;-4663.481;0.0;0.0;1838.2656
3794.525;9.8241326e-05;-0.845503;0.20207144;-9938.915;-9938.713;-4663.181;0.0;0.0;1838.2656
3794.53;0.00010024109;-0.8454491;0.20616096;-9938.883;-9938.677;-4662.8926;0.0;0.0;1838.2656
3794.535;9.8225624e-05;-0.8454566;0.20197941;-9938.885;-9938.683;-4662.9253;0.0;0.0;1838.2656
3794.54;0.000100210316;-0.84546274;0.20603454;-9938.872;-9938.666;-4662.9673;0.0;0.0;1838.2656
3794.545;9.8194396e-05;-0.8454427;0.20185563;-9938.884;-9938.682;-4662.848;0.0;0.0;1838.2656
3794.55;0.000100181074;-0.84540015;0.205918;-9938.9;-9938.694;-4662.622;0.0;0.0;1838.2656
3794.555;9.8167766e-05;-0.8454251;0.20176378;-9938.9375;-9938.735;-4662.7515;0.0;0.0;1838.2656
3794.56;0.00010016311;-0.8454374;0.20583864;-9938.939;-9938.733;-4662.8276;0.0;0.0;1838.2656
3794.565;9.814781e-05;-0.84541434;0.20168117;-9938.967;-9938.765;-4662.6914;0.0;0.0;1838.2656
3794.57;0.00010014456;-0.8454025;0.20578294;-9938.942;-9938.736;-4662.6343;0.0;0.0;1838.2656
3794.575;9.814136e-05;-0.8453754;0.2016441;-9938.963;-9938.762;-4662.477;0.0;0.0;1838.2656
3794.58;0.00010013417;-0.8453609;0.20575838;-9938.979;-9938.772;-4662.405;0.0;0.0;1838.2656
3794.585;9.814129e-05;-0.845296;0.2016674;-9938.904;-9938.702;-4662.039;0.0;0.0;1838.2656
3794.59;0.00010014649;-0.84532666;0.20580323;-9938.994;-9938.788;-4662.2163;0.0;0.0;1838.2656
3794.595;9.815105e-05;-0.8453423;0.20172328;-9939.007;-9938.805;-4662.2944;0.0;0.0;1838.2656
3794.6;0.00010016449;-0.84526473;0.20586286;-9938.984;-9938.778;-4661.875;0.0;0.0;1838.2656
3794.605;9.816209e-05;-0.8452475;0.20176126;-9938.996;-9938.794;-4661.772;0.0;0.0;1838.2656
3794.61;0.00010017067;-0.8452353;0.20589635;-9938.994;-9938.788;-4661.713;0.0;0.0;1838.2656
3794.615;9.817074e-05;-0.8452339;0.20178142;-9939.016;-9938.813;-4661.697;0.0;0.0;1838.2656
3794.62;0.000100171674;-0.8452017;0.20589074;-9939.016;-9938.81;-4661.5273;0.0;0.0;1838.2656
3794.625;9.816613e-05;-0.8451912;0.20175418;-9939.02;-9938.817;-4661.461;0.0;0.0;1838.2656
3794.63;0.00010016106;-0.8451752;0.20584533;-9939.037;-9938.831;-4661.3813;0.0;0.0;1838.2656
3794.635;9.815207e-05;-0.8451475;0.20167598;-9939.027;-9938.825;-4661.22;0.0;0.0;1838.2656
3794.64;0.00010013463;-0.84509224;0.2057342;-9939.033;-9938.827;-4660.924;0.0;0.0;1838.2656
3794.645;9.8123164e-05;-0.84512234;0.20153952;-9939.036;-9938.835;-4661.081;0.0;0.0;1838.2656
3794.65;0.00010009496;-0.845034;0.20555848;-9939.039;-9938.834;-4660.602;0.0;0.0;1838.2656
3794.655;9.8076445e-05;-0.84501;0.20133246;-9939.027;-9938.826;-4660.461;0.0;0.0;1838.2656
3794.66;0.000100039666;-0.8450306;0.20533511;-9939.066;-9938.861;-4660.583;0.0;0.0;1838.2656
3794.665;9.802378e-05;-0.8449959;0.20112169;-9939.08;-9938.879;-4660.383;0.0;0.0;1838.2656
3794.67;9.999103e-05;-0.8449393;0.20513254;-9939.031;-9938.826;-4660.0786;0.0;0.0;1838.2656
3794.675;9.797531e-05;-0.844885;0.20094772;-9939.016;-9938.814;-4659.771;0.0;0.0;1838.2656
3794.68;9.995611e-05;-0.84488326;0.20495805;-9939.012;-9938.807;-4659.7695;0.0;0.0;1838.2656
3794.685;9.792952e-05;-0.8448552;0.20075525;-9939.04;-9938.839;-4659.6064;0.0;0.0;1838.2656
3794.69;9.99112e-05;-0.8448435;0.20482376;-9939.078;-9938.873;-4659.5503;0.0;0.0;1838.2656
3794.695;9.791353e-05;-0.8448371;0.20070282;-9939.111;-9938.91;-4659.507;0.0;0.0;1838.2656
3794.7;9.990703e-05;-0.84481627;0.20479739;-9939.109;-9938.904;-4659.4;0.0;0.0;1838.2656
3794.705;9.790991e-05;-0.84480065;0.20073181;-9939.123;-9938.922;-4659.3057;0.0;0.0;1838.2656
3794.71;9.992965e-05;-0.84475505;0.20492196;-9939.123;-9938.918;-4659.0625;0.0;0.0;1838.2656
3794.715;9.7953445e-05;-0.8447163;0.20091543;-9939.114;-9938.913;-4658.841;0.0;0.0;1838.2656
3794.72;9.9981364e-05;-0.8447099;0.20514154;-9939.125;-9938.92;-4658.8135;0.0;0.0;1838.2656
3794.725;9.801199e-05;-0.844711;0.20118952;-9939.166;-9938.965;-4658.812;0.0;0.0;1838.2656
3794.73;0.0001000609;-0.84470993;0.20549458;-9939.214;-9939.009;-4658.815;0.0;0.0;1838.2656
3794.735;9.810594e-05;-0.84465563;0.20157015;-9939.169;-9938.968;-4658.5073;0.0;0.0;1838.2656
3794.74;0.0001001534;-0.8446006;0.20589522;-9939.15;-9938.944;-4658.2124;0.0;0.0;1838.2656
3794.745;9.820711e-05;-0.84464926;0.20197949;-9939.219;-9939.017;-4658.473;0.0;0.0;1838.2656
3794.75;0.00010025211;-0.8446253;0.20626338;-9939.225;-9939.019;-4658.3496;0.0;0.0;1838.2656
3794.755;9.828425e-05;-0.844621;0.20229942;-9939.207;-9939.005;-4658.318;0.0;0.0;1838.2656
3794.76;0.000100327794;-0.8445716;0.20658833;-9939.169;-9938.962;-4658.0537;0.0;0.0;1838.2656
3794.765;9.8362005e-05;-0.8445311;0.20257697;-9939.168;-9938.966;-4657.8228;0.0;0.0;1838.2656
3794.77;0.000100380435;-0.844524;0.20676738;-9939.19;-9938.983;-4657.792;0.0;0.0;1838.2656
3794.775;9.839055e-05;-0.8445306;0.20267893;-9939.209;-9939.006;-4657.82;0.0;0.0;1838.2656
3794.78;0.000100395795;-0.8444909;0.20682317;-9939.191;-9938.984;-4657.6094;0.0;0.0;1838.2656
3794.785;9.839668e-05;-0.84449875;0.2026937;-9939.1875;-9938.984;-4657.6445;0.0;0.0;1838.2656
3794.79;0.000100392004;-0.84448916;0.20677847;-9939.181;-9938.974;-4657.6;0.0;0.0;1838.2656
3794.795;9.8374054e-05;-0.8444746;0.20257492;-9939.197;-9938.995;-4657.511;0.0;0.0;1838.2656
3794.8;0.00010035208;-0.8444786;0.20657997;-9939.199;-9938.992;-4657.541;0.0;0.0;1838.2656
3794.805;9.831472e-05;-0.8444535;0.20234105;-9939.193;-9938.991;-4657.394;0.0;0.0;1838.2656
3794.81;0.00010029358;-0.8444589;0.20634523;-9939.205;-9938.999;-4657.432;0.0;0.0;1838.2656
3794.815;9.825799e-05;-0.8444816;0.20209312;-9939.203;-9939.001;-4657.549;0.0;0.0;1838.2656
3794.82;0.00010022834;-0.84444594;0.20606405;-9939.207;-9939.001;-4657.3604;0.0;0.0;1838.2656
3794.825;9.818646e-05;-0.8444721;0.20180362;-9939.231;-9939.029;-4657.4956;0.0;0.0;1838.2656
3794.83;0.00010015938;-0.8444553;0.20582971;-9939.211;-9939.005;-4657.411;0.0;0.0;1838.2656
3794.835;9.8143275e-05;-0.84448606;0.20161696;-9939.227;-9939.025;-4657.5723;0.0;0.0;1838.2656
3794.84;0.00010011309;-0.8444816;0.20563357;-9939.262;-9939.056;-4657.5557;0.0;0.0;1838.2656
3794.845;9.809656e-05;-0.84460413;0.20146027;-9939.363;-9939.162;-4658.223;0.0;0.0;1838.2656
3794.85;0.00010008588;-0.8445666;0.20553483;-9939.342;-9939.137;-4658.0244;0.0;0.0;1838.2656
3794.855;9.807917e-05;-0.844601;0.20138639;-9939.407;-9939.206;-4658.2056;0.0;0.0;1838.2656
3794.86;0.000100070174;-0.8446266;0.20548569;-9939.393;-9939.1875;-4658.3555;0.0;0.0;1838.2656
3794.865;9.807393e-05;-0.84462756;0.20137754;-9939.422;-9939.221;-4658.3525;0.0;0.0;1838.2656
3794.87;0.00010007337;-0.844665;0.20551018;-9939.427;-9939.222;-4658.567;0.0;0.0;1838.2656
3794.875;9.808399e-05;-0.8446645;0.20144007;-9939.361;-9939.16;-4658.556;0.0;0.0;1838.2656
3794.88;0.00010009578;-0.8446504;0.20560838;-9939.351;-9939.145;-4658.4863;0.0;0.0;1838.2656
3794.885;9.8110555e-05;-0.84468514;0.20154424;-9939.34;-9939.139;-4658.6704;0.0;0.0;1838.2656
3794.89;0.000100120975;-0.8447197;0.20570219;-9939.357;-9939.151;-4658.869;0.0;0.0;1838.2656
3794.895;9.813148e-05;-0.8447313;0.2016392;-9939.332;-9939.131;-4658.925;0.0;0.0;1838.2656
3794.9;0.000100146535;-0.8447033;0.20580718;-9939.268;-9939.062;-4658.779;0.0;0.0;1838.2656
3794.905;9.815576e-05;-0.84475017;0.20173252;-9939.274;-9939.072;-4659.0293;0.0;0.0;1838.2656
3794.91;0.00010016672;-0.84476763;0.20590647;-9939.275;-9939.069;-4659.134;0.0;0.0;1838.2656
3794.915;9.81829e-05;-0.84482014;0.20181313;-9939.307;-9939.1045;-4659.415;0.0;0.0;1838.2656
3794.92;0.00010017787;-0.84487605;0.20593046;-9939.328;-9939.122;-4659.7314;0.0;0.0;1838.2656
3794.925;9.81822e-05;-0.8449089;0.20183417;-9939.33;-9939.128;-4659.905;0.0;0.0;1838.2656
3794.93;0.000100187004;-0.84494025;0.205955;-9939.328;-9939.122;-4660.086;0.0;0.0;1838.2656
3794.935;9.8182994e-05;-0.84493655;0.20181581;-9939.292;-9939.09;-4660.057;0.0;0.0;1838.2656
3794.94;0.00010017621;-0.8449541;0.20590565;-9939.256;-9939.05;-4660.162;0.0;0.0;1838.2656
3794.945;9.816876e-05;-0.84494764;0.20175266;-9939.211;-9939.009;-4660.118;0.0;0.0;1838.2656
3794.95;0.00010015813;-0.84500635;0.20583071;-9939.209;-9939.003;-4660.45;0.0;0.0;1838.2656
3794.955;9.815004e-05;-0.8450299;0.20167175;-9939.21;-9939.008;-4660.572;0.0;0.0;1838.2656
3794.96;0.00010013658;-0.8449927;0.20575073;-9939.139;-9938.933;-4660.3745;0.0;0.0;1838.2656
3794.965;9.813165e-05;-0.8450631;0.20157668;-9939.178;-9938.977;-4660.7544;0.0;0.0;1838.2656
3794.97;0.00010010788;-0.845115;0.20561597;-9939.193;-9938.987;-4661.049;0.0;0.0;1838.2656
3794.975;9.809481e-05;-0.8451441;0.20144205;-9939.195;-9938.994;-4661.2007;0.0;0.0;1838.2656
3794.98;0.00010007936;-0.8452171;0.20549387;-9939.227;-9939.021;-4661.612;0.0;0.0;1838.2656
3794.985;9.806586e-05;-0.8452543;0.20130768;-9939.239;-9939.038;-4661.808;0.0;0.0;1838.2656
3794.99;0.000100043675;-0.8453151;0.20536262;-9939.276;-9939.071;-4662.152;0.0;0.0;1838.2656
3794.995;9.803847e-05;-0.8453292;0.20122325;-9939.258;-9939.057;-4662.221;0.0;0.0;1838.2656
3795.0;0.00010003091;-0.8453685;0.20529574;-9939.283;-9939.078;-4662.4463;0.0;0.0;1838.2656
